              -1779.7030145774
         -0.000169622       0.000000014      -0.000000000
          0.000000014      -0.000169645       0.000000000
         -0.000000000       0.000000000      -0.000033692
         148
  1     6       0.000048766       0.000201047      -0.001089723  C
  1     6       0.000531008       0.000187540      -0.000483617  C
  1     6       0.000355551      -0.000113889      -0.000590341  C
  1     6      -0.000202147      -0.000045815      -0.001089724  C
  1     6       0.000139188       0.000093649      -0.000790640  C
  1     6       0.000408468       0.000016032      -0.000429126  C
  1     6      -0.000154353       0.000086206      -0.000790638  C
  1     6      -0.000356600       0.000019135      -0.000908247  C
  1     6       0.000146922      -0.000081273      -0.000503418  C
  1     6      -0.000006738       0.000180373      -0.000503417  C
  1     6      -0.000560163       0.000138924      -0.000725527  C
  1     6      -0.000289039      -0.000247899      -0.000590339  C
  1     6      -0.000005436       0.000005187      -0.000407511  C
  1     6      -0.000431587       0.000378575      -0.000483614  C
  1     6      -0.000577596      -0.000139340      -0.000497749  C
  1     6      -0.000202983      -0.000358668      -0.000429125  C
  1     6      -0.000221765       0.000358223      -0.000429124  C
  1     6      -0.000503801       0.000262439      -0.000343052  C
  1     6      -0.000340587      -0.000521997      -0.000362390  C
  1     6      -0.000156496      -0.000083524      -0.000503415  C
  1     6      -0.000294420       0.000559035      -0.000362391  C
  1     6      -0.000274918      -0.000181988      -0.000243560  C
  1     6      -0.000115714      -0.000550553      -0.000483615  C
  1     6      -0.000082807       0.000377351      -0.000590343  C
  1     6      -0.000032795       0.000332165      -0.000243558  C
  1     6       0.000020978      -0.000555033      -0.000343054  C
  1     6      -0.000001119      -0.000164281      -0.000790639  C
  1     6       0.000155485       0.000572965      -0.000497746  C
  1     6       0.000291412      -0.000134606      -0.000243560  C
  1     6       0.000156118      -0.000542099      -0.000725526  C
  1     6       0.000182221       0.000302333      -0.000908248  C
  1     6       0.000466533       0.000308175      -0.000343054  C
  1     6       0.000405822      -0.000418049      -0.000497747  C
  1     6       0.000137092      -0.000139663      -0.001089723  C
  1     6       0.000387751       0.000418742      -0.000725526  C
  1     6       0.000618704      -0.000021463      -0.000362390  C
  1     6       0.000158087      -0.000305896      -0.000908249  C
  1     6      -0.000158087       0.000305897      -0.000908249  C
  1     6      -0.000618703       0.000021464      -0.000362390  C
  1     6      -0.000387751      -0.000418740      -0.000725526  C
  1     6      -0.000137092       0.000139664      -0.001089723  C
  1     6      -0.000405824       0.000418049      -0.000497747  C
  1     6      -0.000466533      -0.000308177      -0.000343054  C
  1     6      -0.000182220      -0.000302335      -0.000908248  C
  1     6      -0.000156120       0.000542097      -0.000725526  C
  1     6      -0.000291413       0.000134606      -0.000243560  C
  1     6      -0.000155483      -0.000572967      -0.000497746  C
  1     6       0.000001119       0.000164277      -0.000790639  C
  1     6      -0.000020978       0.000555030      -0.000343054  C
  1     6       0.000032795      -0.000332163      -0.000243558  C
  1     6       0.000082807      -0.000377350      -0.000590343  C
  1     6       0.000115713       0.000550554      -0.000483615  C
  1     6       0.000274918       0.000181989      -0.000243560  C
  1     6       0.000294420      -0.000559034      -0.000362391  C
  1     6       0.000156496       0.000083524      -0.000503415  C
  1     6       0.000340586       0.000521999      -0.000362390  C
  1     6       0.000503801      -0.000262436      -0.000343052  C
  1     6       0.000221765      -0.000358220      -0.000429124  C
  1     6       0.000202985       0.000358668      -0.000429125  C
  1     6       0.000577598       0.000139340      -0.000497749  C
  1     6       0.000431586      -0.000378574      -0.000483614  C
  1     6       0.000005434      -0.000005187      -0.000407511  C
  1     6       0.000289038       0.000247897      -0.000590340  C
  1     6       0.000560163      -0.000138927      -0.000725527  C
  1     6       0.000006736      -0.000180375      -0.000503417  C
  1     6      -0.000146923       0.000081272      -0.000503418  C
  1     6       0.000356603      -0.000019137      -0.000908247  C
  1     6       0.000154353      -0.000086209      -0.000790638  C
  1     6      -0.000408468      -0.000016034      -0.000429126  C
  1     6      -0.000139189      -0.000093646      -0.000790640  C
  1     6       0.000202148       0.000045818      -0.001089724  C
  1     6      -0.000355551       0.000113890      -0.000590341  C
  1     6      -0.000531008      -0.000187540      -0.000483617  C
  1     6      -0.000048766      -0.000201046      -0.001089723  C
  1     6       0.000318853      -0.000462700       0.000723945  C
  1     6       0.000616784      -0.000066443       0.000358088  C
  1     6       0.000212318       0.000287519       0.000908636  C
  1     6       0.000135502      -0.000316890       0.000908638  C
  1     6       0.000414947      -0.000366348       0.000341845  C
  1     6       0.000474500       0.000358969       0.000496265  C
  1     6       0.000162414       0.000126005       0.001092583  C
  1     6       0.000066291      -0.000579666       0.000496263  C
  1     6       0.000315375       0.000096335       0.000241145  C
  1     6       0.000246924       0.000519195       0.000723946  C
  1     6      -0.000081582      -0.000310550       0.000241146  C
  1     6       0.000115432       0.000554254       0.000341844  C
  1     6       0.000032722       0.000173046       0.000788722  C
  1     6      -0.000373266      -0.000490173       0.000358089  C
  1     6      -0.000235473       0.000236685       0.000241145  C
  1     6      -0.000017407       0.000574134       0.000481320  C
  1     6      -0.000136546      -0.000346287       0.000593629  C
  1     6      -0.000532065      -0.000165433       0.000341845  C
  1     6      -0.000245201       0.000579099       0.000358087  C
  1     6      -0.000133667       0.000118938       0.000502504  C
  1     6      -0.000542483       0.000243164       0.000496265  C
  1     6      -0.000137161       0.000398681       0.000428411  C
  1     6      -0.000271044      -0.000306397       0.000428411  C
  1     6      -0.000567452      -0.000034026       0.000723949  C
  1     6      -0.000238941       0.000302156       0.000593626  C
  1     6      -0.000000556       0.000007492       0.000412496  C
  1     6      -0.000482854      -0.000290432       0.000481319  C
  1     6      -0.000349504       0.000051840       0.000908638  C
  1     6       0.000162506       0.000067050       0.000502505  C
  1     6      -0.000030516      -0.000163499       0.000502506  C
  1     6       0.000126157      -0.000104122       0.000788722  C
  1     6       0.000406504      -0.000069806       0.000428409  C
  1     6      -0.000160580      -0.000046461       0.000788721  C
  1     6       0.000020589      -0.000192909       0.001092584  C
  1     6       0.000498586      -0.000261240       0.000481320  C
  1     6       0.000373813       0.000066596       0.000593628  C
  1     6      -0.000184689       0.000089363       0.001092583  C
  1     6       0.000184689      -0.000089363       0.001092583  C
  1     6      -0.000373813      -0.000066597       0.000593629  C
  1     6      -0.000498588       0.000261241       0.000481320  C
  1     6      -0.000020591       0.000192909       0.001092584  C
  1     6       0.000160578       0.000046461       0.000788721  C
  1     6      -0.000406505       0.000069805       0.000428409  C
  1     6      -0.000126156       0.000104121       0.000788722  C
  1     6       0.000030516       0.000163498       0.000502506  C
  1     6      -0.000162506      -0.000067049       0.000502505  C
  1     6       0.000349505      -0.000051840       0.000908638  C
  1     6       0.000482858       0.000290433       0.000481319  C
  1     6       0.000000556      -0.000007491       0.000412496  C
  1     6       0.000238939      -0.000302159       0.000593626  C
  1     6       0.000567450       0.000034023       0.000723949  C
  1     6       0.000271045       0.000306398       0.000428411  C
  1     6       0.000137162      -0.000398680       0.000428411  C
  1     6       0.000542486      -0.000243166       0.000496265  C
  1     6       0.000133666      -0.000118940       0.000502504  C
  1     6       0.000245199      -0.000579098       0.000358087  C
  1     6       0.000532066       0.000165437       0.000341846  C
  1     6       0.000136548       0.000346286       0.000593629  C
  1     6       0.000017407      -0.000574133       0.000481321  C
  1     6       0.000235472      -0.000236684       0.000241145  C
  1     6       0.000373263       0.000490170       0.000358089  C
  1     6      -0.000032724      -0.000173045       0.000788722  C
  1     6      -0.000115433      -0.000554253       0.000341844  C
  1     6       0.000081583       0.000310549       0.000241146  C
  1     6      -0.000246924      -0.000519195       0.000723946  C
  1     6      -0.000315375      -0.000096335       0.000241145  C
  1     6      -0.000066292       0.000579666       0.000496263  C
  1     6      -0.000162411      -0.000126005       0.001092583  C
  1     6      -0.000474500      -0.000358968       0.000496265  C
  1     6      -0.000414948       0.000366346       0.000341845  C
  1     6      -0.000135501       0.000316888       0.000908638  C
  1     6      -0.000212319      -0.000287518       0.000908636  C
  1     6      -0.000616784       0.000066443       0.000358088  C
  1     6      -0.000318849       0.000462700       0.000723945  C
