             -10436.8837715967
         -0.000177158       0.000000049       0.000000000
          0.000000049      -0.000177225      -0.000000000
          0.000000000      -0.000000000      -0.000027245
         868
  1     6       0.000128854      -0.000148827       0.000153756  C
  1     6      -0.000008903      -0.000094625       0.000116255  C
  1     6       0.000087623       0.000014311       0.000117097  C
  1     6       0.000059999       0.000018659      -0.000004938  C
  1     6      -0.000076617      -0.000074722       0.000091642  C
  1     6      -0.000061166      -0.000098461       0.000113368  C
  1     6      -0.000202119       0.000051275       0.000041131  C
  1     6      -0.000036314       0.000131669       0.000129853  C
  1     6       0.000067105       0.000092492       0.000153613  C
  1     6       0.000045924      -0.000221776       0.000012075  C
  1     6       0.000025029       0.000099440       0.000084399  C
  1     6      -0.000164886       0.000036633       0.000117078  C
  1     6      -0.000103007       0.000053075       0.000081955  C
  1     6      -0.000112693      -0.000082702       0.000066046  C
  1     6      -0.000084815       0.000013551       0.000074931  C
  1     6       0.000185461      -0.000014486       0.000170412  C
  1     6       0.000179600       0.000056426       0.000011503  C
  1     6       0.000335309      -0.000093868       0.000127757  C
  1     6       0.000158993      -0.000037422       0.000092385  C
  1     6      -0.000020558       0.000038813       0.000163371  C
  1     6      -0.000020433       0.000058808       0.000155304  C
  1     6      -0.000009827      -0.000173314       0.000163352  C
  1     6      -0.000035932       0.000006564       0.000108292  C
  1     6      -0.000015240       0.000049615       0.000081052  C
  1     6      -0.000036952       0.000066347       0.000091857  C
  1     6       0.000114402      -0.000043949       0.000189075  C
  1     6       0.000213581      -0.000070134       0.000130020  C
  1     6      -0.000114213      -0.000086876       0.000059551  C
  1     6      -0.000113249       0.000162635       0.000183115  C
  1     6      -0.000066650      -0.000083859       0.000083696  C
  1     6       0.000182458      -0.000244730       0.000087057  C
  1     6       0.000092761      -0.000128522       0.000119285  C
  1     6       0.000143046      -0.000141814       0.000058800  C
  1     6       0.000099401      -0.000058500       0.000115381  C
  1     6       0.000257542      -0.000113388       0.000146445  C
  1     6      -0.000028153      -0.000188562       0.000170869  C
  1     6      -0.000088087       0.000077599      -0.000010475  C
  1     6      -0.000107062       0.000270419       0.000090145  C
  1     6       0.000023727       0.000031498       0.000229643  C
  1     6      -0.000060818      -0.000299515       0.000058667  C
  1     6      -0.000007768      -0.000201420      -0.000011011  C
  1     6      -0.000088098      -0.000120127       0.000083588  C
  1     6       0.000148960      -0.000261813       0.000113361  C
  1     6       0.000193169      -0.000058475       0.000145083  C
  1     6       0.000124991      -0.000040014       0.000081618  C
  1     6       0.000084667       0.000086178       0.000166667  C
  1     6       0.000130129       0.000065251       0.000130587  C
  1     6       0.000040412      -0.000014122       0.000043630  C
  1     6      -0.000097205      -0.000058612       0.000166006  C
  1     6      -0.000006689      -0.000129006       0.000162641  C
  1     6      -0.000031080      -0.000126817       0.000098640  C
  1     6       0.000225299      -0.000048758       0.000142659  C
  1     6       0.000216630       0.000117762       0.000041356  C
  1     6      -0.000075714      -0.000041332       0.000119740  C
  1     6      -0.000078287      -0.000031104       0.000199954  C
  1     6       0.000064007      -0.000079403       0.000232494  C
  1     6       0.000088850      -0.000138443       0.000199505  C
  1     6      -0.000064345      -0.000270111       0.000182444  C
  1     6      -0.000035877      -0.000020104       0.000116111  C
  1     6       0.000171004      -0.000116286       0.000080064  C
  1     6       0.000303748       0.000064562       0.000048401  C
  1     6       0.000127099       0.000041001       0.000075234  C
  1     6      -0.000147590       0.000181661       0.000059152  C
  1     6      -0.000083653       0.000107110       0.000231348  C
  1     6      -0.000030415      -0.000213746       0.000231131  C
  1     6      -0.000152893      -0.000315640       0.000089727  C
  1     6       0.000075747      -0.000254274       0.000116239  C
  1     6       0.000146627      -0.000097193       0.000042452  C
  1     6       0.000262087      -0.000162848       0.000127264  C
  1     6       0.000121974       0.000051555       0.000085583  C
  1     6       0.000100504       0.000009753       0.000108560  C
  1     6       0.000047151      -0.000049299       0.000044065  C
  1     6       0.000037165      -0.000038131       0.000225631  C
  1     6      -0.000097188      -0.000008529       0.000130530  C
  1     6      -0.000009332      -0.000137203       0.000154552  C
  1     6      -0.000032397      -0.000055851       0.000104313  C
  1     6       0.000232472      -0.000000838       0.000174628  C
  1     6       0.000108226       0.000094627      -0.000047269  C
  1     6       0.000016767       0.000081179       0.000113631  C
  1     6      -0.000233213      -0.000055817       0.000087419  C
  1     6      -0.000014458      -0.000041351       0.000232706  C
  1     6       0.000060948       0.000004258       0.000232693  C
  1     6       0.000135983      -0.000099867       0.000083554  C
  1     6      -0.000014925      -0.000051059      -0.000005483  C
  1     6       0.000201942       0.000002509       0.000034599  C
  1     6       0.000216274       0.000132457       0.000002011  C
  1     6       0.000096500      -0.000057341       0.000082367  C
  1     6       0.000055346       0.000120883       0.000066291  C
  1     6       0.000092221      -0.000059897       0.000229862  C
  1     6       0.000224706      -0.000011144       0.000231481  C
  1     6      -0.000010076      -0.000085831       0.000229569  C
  1     6       0.000037019      -0.000203377       0.000081732  C
  1     6       0.000021028      -0.000060002       0.000051317  C
  1     6       0.000052577      -0.000033604       0.000017794  C
  1     6       0.000045659       0.000080120      -0.000012690  C
  1     6       0.000017407       0.000139546       0.000083953  C
  1     6      -0.000076666       0.000075097       0.000163386  C
  1     6       0.000072544      -0.000171793       0.000130814  C
  1     6       0.000020888      -0.000051841       0.000044095  C
  1     6       0.000188113      -0.000011826       0.000163552  C
  1     6       0.000183607       0.000023112       0.000025970  C
  1     6       0.000035363      -0.000092273       0.000017134  C
  1     6       0.000256589       0.000014519      -0.000023995  C
  1     6       0.000044143       0.000106799      -0.000036104  C
  1     6       0.000042616       0.000084270       0.000091567  C
  1     6       0.000029269       0.000076161       0.000083859  C
  1     6       0.000096932       0.000051336       0.000200308  C
  1     6       0.000153369       0.000187847       0.000087647  C
  1     6       0.000134750      -0.000120303       0.000091587  C
  1     6       0.000064189      -0.000090416       0.000013827  C
  1     6       0.000149738      -0.000026469       0.000035367  C
  1     6       0.000075663       0.000042799       0.000096828  C
  1     6       0.000013772      -0.000102467       0.000045061  C
  1     6       0.000165898       0.000041188       0.000082050  C
  1     6       0.000362425      -0.000066413       0.000090274  C
  1     6       0.000317270      -0.000000022       0.000059464  C
  1     6       0.000160969      -0.000148310       0.000066493  C
  1     6      -0.000011274      -0.000000301       0.000045107  C
  1     6       0.000074061      -0.000220427      -0.000014365  C
  1     6       0.000032353       0.000130711      -0.000117518  C
  1     6       0.000136804       0.000018008      -0.000013332  C
  1     6      -0.000107973       0.000053921       0.000026132  C
  1     6       0.000127586      -0.000032043       0.000155109  C
  1     6       0.000116299      -0.000147688       0.000167008  C
  1     6       0.000042286      -0.000131319       0.000108992  C
  1     6       0.000196531      -0.000127922       0.000084543  C
  1     6       0.000033184      -0.000167247      -0.000013126  C
  1     6       0.000062066       0.000014822      -0.000002966  C
  1     6       0.000077821       0.000138833      -0.000142301  C
  1     6       0.000053224       0.000008162       0.000013944  C
  1     6       0.000056522      -0.000082978      -0.000004955  C
  1     6       0.000273615      -0.000011397       0.000183203  C
  1     6       0.000088980       0.000049069       0.000120129  C
  1     6       0.000146592      -0.000099556       0.000114213  C
  1     6       0.000151915      -0.000130966      -0.000035711  C
  1     6       0.000169503      -0.000168608      -0.000142097  C
  1     6       0.000148228      -0.000115991      -0.000158243  C
  1     6       0.000162870       0.000079863      -0.000014088  C
  1     6       0.000046296      -0.000043759       0.000051697  C
  1     6       0.000184315       0.000096292       0.000117085  C
  1     6       0.000191063       0.000002613      -0.000010081  C
  1     6       0.000057214      -0.000172379       0.000075777  C
  1     6      -0.000013160      -0.000101802       0.000083097  C
  1     6       0.000086660      -0.000119574       0.000097495  C
  1     6      -0.000084625      -0.000096084      -0.000157543  C
  1     6      -0.000026661      -0.000046274      -0.000003097  C
  1     6       0.000071033      -0.000018458       0.000017438  C
  1     6       0.000066287      -0.000095372       0.000105110  C
  1     6       0.000122034      -0.000033227       0.000163555  C
  1     6      -0.000013620      -0.000124033       0.000082150  C
  1     6       0.000069330      -0.000176141       0.000086440  C
  1     6       0.000127936      -0.000118223      -0.000012133  C
  1     6       0.000188267      -0.000123672      -0.000117003  C
  1     6       0.000047244       0.000096165      -0.000157609  C
  1     6      -0.000040879       0.000050440       0.000035633  C
  1     6      -0.000094216       0.000079053       0.000035000  C
  1     6       0.000040673      -0.000114613       0.000116981  C
  1     6       0.000063599       0.000103467       0.000059829  C
  1     6       0.000076674      -0.000285032       0.000042083  C
  1     6       0.000109474      -0.000184021      -0.000046316  C
  1     6      -0.000026332      -0.000262489      -0.000023117  C
  1     6       0.000072721      -0.000084479      -0.000002784  C
  1     6      -0.000113316      -0.000127157      -0.000117303  C
  1     6       0.000014862      -0.000029737       0.000018189  C
  1     6       0.000017560       0.000083576       0.000042984  C
  1     6       0.000154488      -0.000106678       0.000084559  C
  1     6      -0.000064620       0.000077115       0.000171389  C
  1     6      -0.000014053      -0.000335004       0.000049278  C
  1     6       0.000092006      -0.000292038       0.000002920  C
  1     6      -0.000001331      -0.000143393       0.000036019  C
  1     6      -0.000141465      -0.000085412      -0.000142039  C
  1     6      -0.000126689       0.000129057      -0.000023751  C
  1     6      -0.000105001       0.000109361       0.000175080  C
  1     6       0.000135461      -0.000054101       0.000099242  C
  1     6      -0.000028656      -0.000160234       0.000092678  C
  1     6      -0.000060849      -0.000180135       0.000146106  C
  1     6      -0.000187413      -0.000183921       0.000128286  C
  1     6       0.000039748      -0.000059052       0.000018835  C
  1     6      -0.000134679       0.000026239      -0.000013809  C
  1     6      -0.000061628      -0.000031356       0.000097122  C
  1     6      -0.000212962       0.000037752       0.000002155  C
  1     6       0.000023057       0.000115167       0.000080649  C
  1     6       0.000006442       0.000018617       0.000116295  C
  1     6      -0.000084535      -0.000195322       0.000130620  C
  1     6      -0.000073001      -0.000209245       0.000143620  C
  1     6      -0.000027409      -0.000228038       0.000175608  C
  1     6       0.000000832      -0.000007318       0.000017799  C
  1     6      -0.000069814       0.000037401      -0.000013270  C
  1     6      -0.000077601      -0.000071210      -0.000012620  C
  1     6       0.000018056       0.000221310       0.000127626  C
  1     6       0.000154532       0.000166410       0.000113853  C
  1     6      -0.000130174       0.000032567       0.000012246  C
  1     6      -0.000138480      -0.000207509       0.000147316  C
  1     6      -0.000102661      -0.000120324       0.000081219  C
  1     6      -0.000001648      -0.000198787       0.000035267  C
  1     6      -0.000015170      -0.000028521       0.000014137  C
  1     6      -0.000097536      -0.000085463      -0.000035980  C
  1     6      -0.000124849      -0.000033159      -0.000047224  C
  1     6      -0.000061747       0.000130715       0.000142950  C
  1     6      -0.000014140       0.000026666       0.000189488  C
  1     6      -0.000167176      -0.000283477       0.000128219  C
  1     6      -0.000211694      -0.000037732       0.000114209  C
  1     6      -0.000070028      -0.000100534       0.000043394  C
  1     6       0.000034312      -0.000009814       0.000052290  C
  1     6       0.000097536      -0.000005724       0.000044982  C
  1     6       0.000013986       0.000041364       0.000082528  C
  1     6      -0.000197025       0.000149550       0.000048371  C
  1     6      -0.000022743       0.000185295       0.000146567  C
  1     6      -0.000108645      -0.000077431       0.000153746  C
  1     6      -0.000005345      -0.000116591       0.000189938  C
  1     6      -0.000011223       0.000059504       0.000099518  C
  1     6       0.000063624       0.000032191       0.000105266  C
  1     6       0.000025644      -0.000189221       0.000026241  C
  1     6      -0.000112557      -0.000124857       0.000084037  C
  1     6      -0.000095736       0.000005977       0.000085495  C
  1     6      -0.000037274       0.000108109       0.000145134  C
  1     6      -0.000075765       0.000245632       0.000127659  C
  1     6       0.000075650      -0.000245727       0.000127661  C
  1     6       0.000037292      -0.000108171       0.000145126  C
  1     6       0.000095978      -0.000006011       0.000085497  C
  1     6       0.000112576       0.000124697       0.000084037  C
  1     6      -0.000025582       0.000189173       0.000026242  C
  1     6      -0.000064014      -0.000032436       0.000105267  C
  1     6       0.000011197      -0.000059538       0.000099517  C
  1     6       0.000005384       0.000116640       0.000189937  C
  1     6       0.000108657       0.000077389       0.000153747  C
  1     6       0.000022738      -0.000185329       0.000146568  C
  1     6       0.000197099      -0.000149602       0.000048375  C
  1     6      -0.000013832      -0.000041566       0.000082529  C
  1     6      -0.000097396       0.000005760       0.000044987  C
  1     6      -0.000034601       0.000009691       0.000052295  C
  1     6       0.000069821       0.000100461       0.000043399  C
  1     6       0.000211709       0.000037763       0.000114208  C
  1     6       0.000167148       0.000283644       0.000128223  C
  1     6       0.000014055      -0.000026535       0.000189498  C
  1     6       0.000061777      -0.000130634       0.000142951  C
  1     6       0.000124919       0.000033119      -0.000047225  C
  1     6       0.000097574       0.000085469      -0.000035978  C
  1     6       0.000015029       0.000028287       0.000014137  C
  1     6       0.000001224       0.000198574       0.000035276  C
  1     6       0.000102585       0.000120505       0.000081222  C
  1     6       0.000138576       0.000207587       0.000147316  C
  1     6       0.000130013      -0.000032369       0.000012246  C
  1     6      -0.000154649      -0.000166314       0.000113853  C
  1     6      -0.000018097      -0.000221382       0.000127624  C
  1     6       0.000077712       0.000071256      -0.000012612  C
  1     6       0.000069935      -0.000037421      -0.000013267  C
  1     6      -0.000001215       0.000007051       0.000017809  C
  1     6       0.000027304       0.000228240       0.000175612  C
  1     6       0.000072876       0.000209393       0.000143617  C
  1     6       0.000084725       0.000195597       0.000130620  C
  1     6      -0.000006535      -0.000018523       0.000116289  C
  1     6      -0.000023035      -0.000115242       0.000080645  C
  1     6       0.000213013      -0.000037782       0.000002149  C
  1     6       0.000061699       0.000031377       0.000097116  C
  1     6       0.000134561      -0.000026459      -0.000013812  C
  1     6      -0.000040098       0.000058988       0.000018837  C
  1     6       0.000187199       0.000184094       0.000128288  C
  1     6       0.000061058       0.000180298       0.000146103  C
  1     6       0.000028440       0.000160391       0.000092679  C
  1     6      -0.000135634       0.000054032       0.000099245  C
  1     6       0.000105037      -0.000109409       0.000175061  C
  1     6       0.000126842      -0.000128932      -0.000023750  C
  1     6       0.000141461       0.000085376      -0.000142041  C
  1     6       0.000001028       0.000142894       0.000036023  C
  1     6      -0.000091914       0.000292026       0.000002916  C
  1     6       0.000014183       0.000335079       0.000049278  C
  1     6       0.000064865      -0.000077031       0.000171387  C
  1     6      -0.000154577       0.000106719       0.000084568  C
  1     6      -0.000017478      -0.000083544       0.000042984  C
  1     6      -0.000014618       0.000029904       0.000018183  C
  1     6       0.000113445       0.000127284      -0.000117302  C
  1     6      -0.000072723       0.000084500      -0.000002789  C
  1     6       0.000026234       0.000262571      -0.000023084  C
  1     6      -0.000109473       0.000183937      -0.000046311  C
  1     6      -0.000076370       0.000285130       0.000042080  C
  1     6      -0.000063696      -0.000103435       0.000059830  C
  1     6      -0.000040731       0.000114698       0.000116985  C
  1     6       0.000094315      -0.000078896       0.000034999  C
  1     6       0.000040904      -0.000050502       0.000035635  C
  1     6      -0.000047414      -0.000096205      -0.000157610  C
  1     6      -0.000188529       0.000123608      -0.000117001  C
  1     6      -0.000128134       0.000118143      -0.000012135  C
  1     6      -0.000069168       0.000176095       0.000086436  C
  1     6       0.000013746       0.000123971       0.000082145  C
  1     6      -0.000122141       0.000033240       0.000163558  C
  1     6      -0.000066318       0.000095470       0.000105110  C
  1     6      -0.000070879       0.000018348       0.000017440  C
  1     6       0.000026784       0.000046073      -0.000003097  C
  1     6       0.000084745       0.000096013      -0.000157541  C
  1     6      -0.000086681       0.000119493       0.000097484  C
  1     6       0.000013228       0.000101731       0.000083084  C
  1     6      -0.000056880       0.000172290       0.000075769  C
  1     6      -0.000190937      -0.000002405      -0.000010064  C
  1     6      -0.000184504      -0.000096178       0.000117089  C
  1     6      -0.000046265       0.000043699       0.000051704  C
  1     6      -0.000162850      -0.000080084      -0.000014095  C
  1     6      -0.000148204       0.000115974      -0.000158250  C
  1     6      -0.000169639       0.000168703      -0.000142092  C
  1     6      -0.000151981       0.000130998      -0.000035712  C
  1     6      -0.000146438       0.000099542       0.000114214  C
  1     6      -0.000088738      -0.000049353       0.000120135  C
  1     6      -0.000273539       0.000011438       0.000183219  C
  1     6      -0.000056697       0.000082901      -0.000004958  C
  1     6      -0.000053188      -0.000008419       0.000013942  C
  1     6      -0.000077681      -0.000139091      -0.000142297  C
  1     6      -0.000061994      -0.000014801      -0.000002963  C
  1     6      -0.000033407       0.000167281      -0.000013141  C
  1     6      -0.000196481       0.000127956       0.000084556  C
  1     6      -0.000042090       0.000131315       0.000108986  C
  1     6      -0.000116320       0.000147687       0.000167016  C
  1     6      -0.000127665       0.000031873       0.000155098  C
  1     6       0.000108012      -0.000054005       0.000026132  C
  1     6      -0.000136741      -0.000018049      -0.000013334  C
  1     6      -0.000032022      -0.000130746      -0.000117515  C
  1     6      -0.000074158       0.000220493      -0.000014354  C
  1     6       0.000011251       0.000000302       0.000045113  C
  1     6      -0.000160780       0.000148303       0.000066504  C
  1     6      -0.000317214      -0.000000074       0.000059465  C
  1     6      -0.000362561       0.000066264       0.000090272  C
  1     6      -0.000166006      -0.000041316       0.000082052  C
  1     6      -0.000013846       0.000102455       0.000045058  C
  1     6      -0.000075543      -0.000042709       0.000096836  C
  1     6      -0.000149763       0.000026611       0.000035369  C
  1     6      -0.000064482       0.000090492       0.000013827  C
  1     6      -0.000134924       0.000120253       0.000091594  C
  1     6      -0.000153095      -0.000187942       0.000087657  C
  1     6      -0.000097147      -0.000051425       0.000200318  C
  1     6      -0.000029348      -0.000076279       0.000083860  C
  1     6      -0.000042518      -0.000084238       0.000091564  C
  1     6      -0.000044045      -0.000106581      -0.000036111  C
  1     6      -0.000256435      -0.000014427      -0.000023995  C
  1     6      -0.000035551       0.000092437       0.000017134  C
  1     6      -0.000183709      -0.000022959       0.000025979  C
  1     6      -0.000187834       0.000011898       0.000163542  C
  1     6      -0.000020775       0.000051878       0.000044098  C
  1     6      -0.000072582       0.000171970       0.000130826  C
  1     6       0.000076747      -0.000074893       0.000163385  C
  1     6      -0.000017289      -0.000139329       0.000083956  C
  1     6      -0.000045605      -0.000080006      -0.000012691  C
  1     6      -0.000052565       0.000033689       0.000017797  C
  1     6      -0.000021095       0.000059925       0.000051332  C
  1     6      -0.000037084       0.000203320       0.000081730  C
  1     6       0.000010160       0.000085692       0.000229576  C
  1     6      -0.000224983       0.000011180       0.000231471  C
  1     6      -0.000092419       0.000060111       0.000229863  C
  1     6      -0.000055437      -0.000120763       0.000066294  C
  1     6      -0.000096409       0.000057382       0.000082362  C
  1     6      -0.000216428      -0.000132640       0.000002043  C
  1     6      -0.000202317      -0.000002459       0.000034592  C
  1     6       0.000014827       0.000050951      -0.000005494  C
  1     6      -0.000135803       0.000099827       0.000083547  C
  1     6      -0.000060820      -0.000004375       0.000232701  C
  1     6       0.000014418       0.000041469       0.000232707  C
  1     6       0.000233152       0.000055937       0.000087422  C
  1     6      -0.000016733      -0.000081330       0.000113639  C
  1     6      -0.000108170      -0.000094740      -0.000047266  C
  1     6      -0.000232509       0.000000963       0.000174628  C
  1     6       0.000032111       0.000055878       0.000104317  C
  1     6       0.000009372       0.000137286       0.000154553  C
  1     6       0.000097300       0.000008534       0.000130519  C
  1     6      -0.000037160       0.000038221       0.000225631  C
  1     6      -0.000047208       0.000049526       0.000044064  C
  1     6      -0.000100579      -0.000009789       0.000108561  C
  1     6      -0.000121858      -0.000051738       0.000085583  C
  1     6      -0.000262018       0.000162759       0.000127262  C
  1     6      -0.000146923       0.000097154       0.000042447  C
  1     6      -0.000075811       0.000254349       0.000116228  C
  1     6       0.000152966       0.000315593       0.000089710  C
  1     6       0.000030509       0.000213739       0.000231144  C
  1     6       0.000083555      -0.000107069       0.000231356  C
  1     6       0.000147293      -0.000181671       0.000059141  C
  1     6      -0.000127228      -0.000041124       0.000075232  C
  1     6      -0.000303670      -0.000064591       0.000048405  C
  1     6      -0.000171002       0.000116282       0.000080066  C
  1     6       0.000035566       0.000020112       0.000116106  C
  1     6       0.000064385       0.000270209       0.000182441  C
  1     6      -0.000088475       0.000138768       0.000199510  C
  1     6      -0.000063933       0.000079380       0.000232487  C
  1     6       0.000078275       0.000030933       0.000199961  C
  1     6       0.000075601       0.000041197       0.000119728  C
  1     6      -0.000216585      -0.000117787       0.000041356  C
  1     6      -0.000225212       0.000048706       0.000142663  C
  1     6       0.000030742       0.000126693       0.000098633  C
  1     6       0.000006726       0.000128975       0.000162657  C
  1     6       0.000097213       0.000058548       0.000166011  C
  1     6      -0.000040176       0.000014322       0.000043623  C
  1     6      -0.000130253      -0.000065290       0.000130581  C
  1     6      -0.000084796      -0.000086208       0.000166659  C
  1     6      -0.000125013       0.000040133       0.000081615  C
  1     6      -0.000193041       0.000058469       0.000145085  C
  1     6      -0.000148997       0.000261597       0.000113359  C
  1     6       0.000087984       0.000120053       0.000083592  C
  1     6       0.000007869       0.000201207      -0.000010998  C
  1     6       0.000061205       0.000299956       0.000058667  C
  1     6      -0.000023763      -0.000031460       0.000229640  C
  1     6       0.000106964      -0.000270424       0.000090146  C
  1     6       0.000088044      -0.000077473      -0.000010485  C
  1     6       0.000028230       0.000188620       0.000170869  C
  1     6      -0.000257307       0.000113267       0.000146440  C
  1     6      -0.000099559       0.000058415       0.000115387  C
  1     6      -0.000142756       0.000141718       0.000058787  C
  1     6      -0.000092420       0.000128718       0.000119289  C
  1     6      -0.000182116       0.000245080       0.000087065  C
  1     6       0.000066696       0.000083910       0.000083695  C
  1     6       0.000113226      -0.000162574       0.000183113  C
  1     6       0.000114208       0.000086903       0.000059550  C
  1     6      -0.000213545       0.000070019       0.000130019  C
  1     6      -0.000114434       0.000043732       0.000189085  C
  1     6       0.000036911      -0.000066472       0.000091856  C
  1     6       0.000015164      -0.000049694       0.000081055  C
  1     6       0.000036206      -0.000006389       0.000108293  C
  1     6       0.000009554       0.000173342       0.000163356  C
  1     6       0.000020313      -0.000058748       0.000155306  C
  1     6       0.000020449      -0.000038769       0.000163369  C
  1     6      -0.000158962       0.000037289       0.000092386  C
  1     6      -0.000335158       0.000093703       0.000127766  C
  1     6      -0.000179585      -0.000056475       0.000011495  C
  1     6      -0.000185295       0.000014309       0.000170420  C
  1     6       0.000085282      -0.000013316       0.000074938  C
  1     6       0.000112974       0.000082772       0.000066046  C
  1     6       0.000103161      -0.000052907       0.000081951  C
  1     6       0.000164764      -0.000036547       0.000117081  C
  1     6      -0.000025064      -0.000099413       0.000084399  C
  1     6      -0.000045801       0.000221747       0.000012079  C
  1     6      -0.000067064      -0.000092494       0.000153610  C
  1     6       0.000036194      -0.000131676       0.000129844  C
  1     6       0.000202118      -0.000051155       0.000041130  C
  1     6       0.000061376       0.000098549       0.000113378  C
  1     6       0.000076398       0.000074705       0.000091638  C
  1     6      -0.000060223      -0.000018679      -0.000004933  C
  1     6      -0.000087786      -0.000014369       0.000117099  C
  1     6       0.000008919       0.000094692       0.000116246  C
  1     6      -0.000128832       0.000148781       0.000153754  C
  1     6      -0.000014316       0.000026854      -0.000189489  C
  1     6      -0.000030767      -0.000142632      -0.000099245  C
  1     6       0.000042121      -0.000108251      -0.000105115  C
  1     6       0.000015748       0.000119487      -0.000026127  C
  1     6      -0.000125498       0.000063384      -0.000083954  C
  1     6      -0.000110960      -0.000072317      -0.000085587  C
  1     6      -0.000058908      -0.000192929      -0.000145082  C
  1     6      -0.000108750      -0.000330506      -0.000127754  C
  1     6      -0.000160921       0.000200208      -0.000127659  C
  1     6      -0.000224326      -0.000035294      -0.000113866  C
  1     6      -0.000079261       0.000032144      -0.000042981  C
  1     6       0.000010569      -0.000062907      -0.000051690  C
  1     6       0.000077283      -0.000068610      -0.000045071  C
  1     6      -0.000006095      -0.000111628      -0.000082257  C
  1     6      -0.000223184      -0.000215755      -0.000048398  C
  1     6      -0.000049163      -0.000276830      -0.000146450  C
  1     6      -0.000113689      -0.000004108      -0.000153592  C
  1     6      -0.000141161       0.000122346      -0.000146561  C
  1     6      -0.000108572       0.000045072      -0.000080640  C
  1     6      -0.000013281       0.000122151      -0.000034978  C
  1     6      -0.000036553      -0.000039534      -0.000013936  C
  1     6      -0.000113032       0.000023317       0.000036110  C
  1     6      -0.000139064      -0.000036624       0.000047268  C
  1     6      -0.000085176      -0.000213762      -0.000142653  C
  1     6      -0.000027160      -0.000119202      -0.000189087  C
  1     6      -0.000074171       0.000124083      -0.000142946  C
  1     6      -0.000032492       0.000148041      -0.000175063  C
  1     6      -0.000024130      -0.000069313      -0.000017455  C
  1     6      -0.000091057      -0.000103289       0.000013327  C
  1     6      -0.000091859       0.000007003       0.000012691  C
  1     6      -0.000011149      -0.000307893      -0.000127279  C
  1     6       0.000134430      -0.000269115      -0.000113360  C
  1     6      -0.000145797      -0.000117232      -0.000011513  C
  1     6      -0.000069035       0.000091067      -0.000145133  C
  1     6      -0.000193917       0.000108310      -0.000127622  C
  1     6       0.000016279      -0.000028918      -0.000018167  C
  1     6      -0.000157054      -0.000090718       0.000014093  C
  1     6      -0.000077569      -0.000039053      -0.000096838  C
  1     6      -0.000230748      -0.000105440      -0.000002003  C
  1     6       0.000001344      -0.000206269      -0.000080081  C
  1     6      -0.000006827      -0.000114629      -0.000115387  C
  1     6      -0.000088327       0.000103963      -0.000129859  C
  1     6      -0.000014373       0.000246789      -0.000048380  C
  1     6       0.000087063       0.000197823      -0.000002151  C
  1     6      -0.000019358       0.000062226      -0.000035634  C
  1     6      -0.000158535       0.000012803       0.000142301  C
  1     6      -0.000155003      -0.000204942       0.000023992  C
  1     6      -0.000128932      -0.000193159      -0.000174630  C
  1     6       0.000122887      -0.000044624      -0.000098636  C
  1     6      -0.000033849       0.000068109      -0.000091852  C
  1     6       0.000097063       0.000085218       0.000047229  C
  1     6      -0.000036456       0.000177345       0.000023747  C
  1     6       0.000053207      -0.000003589       0.000003084  C
  1     6      -0.000126233       0.000046055       0.000117519  C
  1     6      -0.000001477      -0.000062396      -0.000017793  C
  1     6      -0.000000935      -0.000175881      -0.000042440  C
  1     6       0.000148740       0.000006380      -0.000083598  C
  1     6      -0.000091471      -0.000162124      -0.000170416  C
  1     6       0.000048441       0.000082870      -0.000085497  C
  1     6       0.000102220       0.000024933       0.000012612  C
  1     6       0.000168769       0.000023183       0.000117313  C
  1     6       0.000013802      -0.000187886       0.000158250  C
  1     6      -0.000061262      -0.000139068      -0.000035377  C
  1     6      -0.000114683      -0.000166450      -0.000034584  C
  1     6       0.000036890       0.000018392      -0.000116114  C
  1     6       0.000037897      -0.000197607      -0.000058798  C
  1     6       0.000070098       0.000196331      -0.000041124  C
  1     6      -0.000042333       0.000011521      -0.000082508  C
  1     6       0.000060380       0.000033922      -0.000097127  C
  1     6      -0.000106623       0.000014539       0.000157598  C
  1     6      -0.000046769      -0.000043098       0.000002959  C
  1     6       0.000056611      -0.000081011      -0.000017137  C
  1     6       0.000064571      -0.000004472      -0.000104301  C
  1     6       0.000110746      -0.000066321      -0.000162641  C
  1     6      -0.000032826       0.000040562      -0.000081073  C
  1     6       0.000125415       0.000033448       0.000035968  C
  1     6       0.000149624       0.000069998       0.000142037  C
  1     6       0.000127015       0.000016917       0.000157544  C
  1     6       0.000141747      -0.000184434       0.000014359  C
  1     6       0.000037910      -0.000050952      -0.000051338  C
  1     6       0.000168895      -0.000204742      -0.000116237  C
  1     6       0.000171487      -0.000105626       0.000011006  C
  1     6       0.000035996       0.000078018      -0.000074952  C
  1     6       0.000166534       0.000023868      -0.000084035  C
  1     6       0.000007962       0.000078827       0.000013277  C
  1     6       0.000029143      -0.000107147       0.000002789  C
  1     6       0.000045704      -0.000234915       0.000142086  C
  1     6       0.000038929      -0.000103930      -0.000013832  C
  1     6       0.000050830      -0.000016200       0.000005478  C
  1     6       0.000260062      -0.000097178      -0.000182445  C
  1     6       0.000054838      -0.000148606      -0.000119283  C
  1     6       0.000115675      -0.000004168      -0.000113412  C
  1     6      -0.000049549      -0.000084079      -0.000044988  C
  1     6       0.000052779       0.000126428       0.000013799  C
  1     6      -0.000002408      -0.000225283       0.000117000  C
  1     6       0.000120123      -0.000120820       0.000013136  C
  1     6      -0.000121607      -0.000139498      -0.000025964  C
  1     6       0.000119156      -0.000068852      -0.000154552  C
  1     6       0.000102960       0.000047982      -0.000166023  C
  1     6       0.000014573       0.000033372      -0.000108288  C
  1     6       0.000031853      -0.000003331      -0.000014137  C
  1     6       0.000119656      -0.000078962      -0.000036008  C
  1     6       0.000051022      -0.000138636      -0.000097485  C
  1     6       0.000006474       0.000009178      -0.000045113  C
  1     6       0.000148109      -0.000144021      -0.000081736  C
  1     6       0.000347365      -0.000049108      -0.000089708  C
  1     6       0.000282636      -0.000116629      -0.000058693  C
  1     6       0.000131303       0.000047320      -0.000066038  C
  1     6       0.000142804      -0.000126562      -0.000026236  C
  1     6       0.000005122      -0.000005050      -0.000017813  C
  1     6       0.000232753      -0.000124712       0.000023074  C
  1     6       0.000023716      -0.000199152       0.000035719  C
  1     6       0.000024600      -0.000178755      -0.000091593  C
  1     6       0.000007055      -0.000168342      -0.000083565  C
  1     6       0.000065777      -0.000150883      -0.000199501  C
  1     6       0.000101306      -0.000288025      -0.000087078  C
  1     6       0.000104937       0.000021956      -0.000091646  C
  1     6      -0.000011368      -0.000034071      -0.000052304  C
  1     6       0.000026793      -0.000066179      -0.000018834  C
  1     6       0.000026651      -0.000172121       0.000012146  C
  1     6      -0.000003286      -0.000234224      -0.000084550  C
  1     6      -0.000094805      -0.000162289      -0.000163554  C
  1     6       0.000061548       0.000075949      -0.000130529  C
  1     6      -0.000011170      -0.000041151      -0.000043639  C
  1     6       0.000149344      -0.000088556      -0.000163362  C
  1     6       0.000165354      -0.000109554      -0.000035279  C
  1     6       0.000191265      -0.000239203      -0.000002921  C
  1     6       0.000091784      -0.000045696      -0.000083091  C
  1     6       0.000033302      -0.000216025      -0.000066499  C
  1     6       0.000076876      -0.000039267      -0.000229565  C
  1     6       0.000193960      -0.000093578      -0.000231134  C
  1     6      -0.000039395      -0.000002057      -0.000229640  C
  1     6       0.000013634       0.000115492      -0.000081950  C
  1     6      -0.000062846      -0.000034861      -0.000105262  C
  1     6       0.000204505      -0.000104363      -0.000175616  C
  1     6       0.000091638      -0.000193382       0.000046324  C
  1     6       0.000000996      -0.000176927      -0.000114204  C
  1     6      -0.000241433      -0.000022145      -0.000087643  C
  1     6      -0.000037328      -0.000047963      -0.000232690  C
  1     6       0.000029947      -0.000097252      -0.000232490  C
  1     6       0.000106981       0.000008712      -0.000083683  C
  1     6      -0.000049136      -0.000039198       0.000004955  C
  1     6       0.000122150       0.000002268      -0.000043389  C
  1     6       0.000257337       0.000053231      -0.000128293  C
  1     6       0.000107887      -0.000155626      -0.000086447  C
  1     6       0.000085480      -0.000108219      -0.000108996  C
  1     6       0.000031534      -0.000046047      -0.000044087  C
  1     6       0.000010783      -0.000052324      -0.000225628  C
  1     6      -0.000126712      -0.000071614      -0.000130591  C
  1     6      -0.000037381       0.000049997      -0.000155305  C
  1     6       0.000157343       0.000018320      -0.000081204  C
  1     6       0.000286070      -0.000174953      -0.000049274  C
  1     6       0.000111311      -0.000143510      -0.000075790  C
  1     6      -0.000176970      -0.000263412      -0.000059457  C
  1     6      -0.000116116      -0.000192969      -0.000231482  C
  1     6      -0.000042350       0.000129266      -0.000231366  C
  1     6      -0.000164671       0.000240051      -0.000090134  C
  1     6       0.000061461       0.000157365      -0.000117093  C
  1     6      -0.000043315       0.000042436      -0.000099529  C
  1     6       0.000214492      -0.000055898      -0.000143612  C
  1     6       0.000194063      -0.000222579      -0.000042077  C
  1     6      -0.000090340      -0.000046576      -0.000120129  C
  1     6      -0.000096751      -0.000052047      -0.000200316  C
  1     6       0.000042629      -0.000011167      -0.000232698  C
  1     6       0.000069577       0.000047856      -0.000199950  C
  1     6      -0.000071706       0.000184739      -0.000183099  C
  1     6      -0.000060961      -0.000064694      -0.000117101  C
  1     6       0.000149964       0.000154933      -0.000114218  C
  1     6       0.000183492      -0.000049767      -0.000146097  C
  1     6       0.000110771      -0.000057969      -0.000082146  C
  1     6       0.000057601      -0.000179158      -0.000167018  C
  1     6       0.000102161      -0.000156153      -0.000130809  C
  1     6       0.000014612      -0.000066561      -0.000044055  C
  1     6      -0.000118799      -0.000022148      -0.000166677  C
  1     6      -0.000020813       0.000038410      -0.000163365  C
  1     6       0.000250013      -0.000000451      -0.000147300  C
  1     6      -0.000027994       0.000096780      -0.000171395  C
  1     6      -0.000108868      -0.000157192       0.000010080  C
  1     6      -0.000147152      -0.000337935      -0.000090264  C
  1     6      -0.000001481      -0.000109699      -0.000229868  C
  1     6      -0.000068376       0.000223963      -0.000059142  C
  1     6      -0.000015308       0.000116132       0.000010487  C
  1     6      -0.000096568       0.000034332      -0.000084392  C
  1     6       0.000100993      -0.000060107      -0.000189937  C
  1     6       0.000209216      -0.000038565      -0.000130629  C
  1     6      -0.000121255       0.000004945      -0.000059828  C
  1     6      -0.000143163      -0.000233475      -0.000183219  C
  1     6      -0.000079331       0.000018676      -0.000083860  C
  1     6       0.000176536       0.000162834      -0.000087418  C
  1     6       0.000076386       0.000039621      -0.000119752  C
  1     6       0.000135632       0.000046234      -0.000059561  C
  1     6       0.000083907      -0.000045357      -0.000116237  C
  1     6       0.000329153      -0.000019049      -0.000128215  C
  1     6       0.000148876      -0.000065564      -0.000092664  C
  1     6      -0.000040571      -0.000119694      -0.000163563  C
  1     6      -0.000044246      -0.000123523      -0.000155102  C
  1     6      -0.000019383       0.000106031      -0.000163384  C
  1     6      -0.000064023      -0.000078027      -0.000108567  C
  1     6      -0.000036455      -0.000126182      -0.000081594  C
  1     6      -0.000057661      -0.000153035      -0.000092365  C
  1     6       0.000045477       0.000126116      -0.000012235  C
  1     6       0.000002501      -0.000187433      -0.000084565  C
  1     6      -0.000182645      -0.000099200      -0.000117088  C
  1     6      -0.000126353      -0.000114693      -0.000082052  C
  1     6      -0.000131257       0.000021469      -0.000066288  C
  1     6      -0.000105067      -0.000082672      -0.000075211  C
  1     6       0.000172405      -0.000081746      -0.000170877  C
  1     6       0.000159095      -0.000161673      -0.000012093  C
  1     6       0.000125029       0.000046966      -0.000153769  C
  1     6      -0.000018957       0.000005027      -0.000116299  C
  1     6       0.000072383      -0.000097604      -0.000116983  C
  1     6       0.000037499      -0.000093289       0.000004952  C
  1     6      -0.000093654       0.000011535      -0.000091568  C
  1     6      -0.000076877       0.000031449      -0.000113646  C
  1     6      -0.000218539      -0.000114114      -0.000041363  C
  1     6      -0.000060696      -0.000216323      -0.000130005  C
  1     6       0.000052407      -0.000189697      -0.000153750  C
  1     6      -0.000052406       0.000189623      -0.000153751  C
  1     6       0.000060910       0.000216133      -0.000130005  C
  1     6       0.000218624       0.000113970      -0.000041363  C
  1     6       0.000076732      -0.000031239      -0.000113640  C
  1     6       0.000093612      -0.000011501      -0.000091566  C
  1     6      -0.000037176       0.000092964       0.000004953  C
  1     6      -0.000072214       0.000097585      -0.000116983  C
  1     6       0.000018753      -0.000004852      -0.000116302  C
  1     6      -0.000125181      -0.000046939      -0.000153770  C
  1     6      -0.000158914       0.000161332      -0.000012087  C
  1     6      -0.000172224       0.000081630      -0.000170882  C
  1     6       0.000105302       0.000082667      -0.000075222  C
  1     6       0.000130983      -0.000021164      -0.000066288  C
  1     6       0.000126745       0.000114725      -0.000082048  C
  1     6       0.000182730       0.000099107      -0.000117090  C
  1     6      -0.000002342       0.000187381      -0.000084570  C
  1     6      -0.000045801      -0.000126128      -0.000012234  C
  1     6       0.000057985       0.000152741      -0.000092376  C
  1     6       0.000036642       0.000126168      -0.000081604  C
  1     6       0.000064225       0.000078209      -0.000108572  C
  1     6       0.000019392      -0.000105676      -0.000163384  C
  1     6       0.000044392       0.000123415      -0.000155095  C
  1     6       0.000040591       0.000119468      -0.000163560  C
  1     6      -0.000149313       0.000065319      -0.000092663  C
  1     6      -0.000329490       0.000018872      -0.000128220  C
  1     6      -0.000083981       0.000045381      -0.000116231  C
  1     6      -0.000135770      -0.000046278      -0.000059568  C
  1     6      -0.000076087      -0.000039632      -0.000119753  C
  1     6      -0.000176638      -0.000162485      -0.000087414  C
  1     6       0.000079644      -0.000018518      -0.000083867  C
  1     6       0.000143099       0.000233030      -0.000183226  C
  1     6       0.000121503      -0.000005376      -0.000059818  C
  1     6      -0.000209425       0.000038277      -0.000130626  C
  1     6      -0.000100903       0.000060132      -0.000189935  C
  1     6       0.000096720      -0.000034549      -0.000084402  C
  1     6       0.000015437      -0.000116301       0.000010480  C
  1     6       0.000068712      -0.000223820      -0.000059145  C
  1     6       0.000001537       0.000110067      -0.000229875  C
  1     6       0.000147079       0.000337918      -0.000090264  C
  1     6       0.000108678       0.000156819       0.000010077  C
  1     6       0.000027493      -0.000097177      -0.000171399  C
  1     6      -0.000250239       0.000000460      -0.000147291  C
  1     6       0.000020809      -0.000038455      -0.000163364  C
  1     6       0.000119128       0.000022206      -0.000166683  C
  1     6      -0.000014596       0.000066852      -0.000044052  C
  1     6      -0.000102438       0.000156183      -0.000130808  C
  1     6      -0.000057695       0.000178897      -0.000167026  C
  1     6      -0.000110557       0.000057492      -0.000082135  C
  1     6      -0.000183599       0.000049459      -0.000146095  C
  1     6      -0.000149857      -0.000154841      -0.000114228  C
  1     6       0.000060864       0.000064781      -0.000117087  C
  1     6       0.000071854      -0.000184651      -0.000183100  C
  1     6      -0.000069281      -0.000047784      -0.000199950  C
  1     6      -0.000042548       0.000011400      -0.000232697  C
  1     6       0.000096537       0.000051951      -0.000200313  C
  1     6       0.000090542       0.000046127      -0.000120134  C
  1     6      -0.000194439       0.000222355      -0.000042077  C
  1     6      -0.000214434       0.000056034      -0.000143621  C
  1     6       0.000043213      -0.000042189      -0.000099535  C
  1     6      -0.000061399      -0.000157256      -0.000117099  C
  1     6       0.000164960      -0.000239920      -0.000090133  C
  1     6       0.000042359      -0.000129177      -0.000231366  C
  1     6       0.000115940       0.000192882      -0.000231481  C
  1     6       0.000176896       0.000263474      -0.000059457  C
  1     6      -0.000111226       0.000143396      -0.000075792  C
  1     6      -0.000285981       0.000174991      -0.000049271  C
  1     6      -0.000157240      -0.000018034      -0.000081200  C
  1     6       0.000037550      -0.000049747      -0.000155311  C
  1     6       0.000126910       0.000071703      -0.000130588  C
  1     6      -0.000010821       0.000052270      -0.000225625  C
  1     6      -0.000031560       0.000046134      -0.000044089  C
  1     6      -0.000085307       0.000108321      -0.000108991  C
  1     6      -0.000107984       0.000155851      -0.000086450  C
  1     6      -0.000257027      -0.000053078      -0.000128298  C
  1     6      -0.000122213      -0.000002019      -0.000043377  C
  1     6       0.000049118       0.000039505       0.000004957  C
  1     6      -0.000106767      -0.000008653      -0.000083681  C
  1     6      -0.000029984       0.000097077      -0.000232485  C
  1     6       0.000037208       0.000047959      -0.000232692  C
  1     6       0.000241539       0.000022523      -0.000087645  C
  1     6      -0.000000980       0.000177280      -0.000114208  C
  1     6      -0.000091629       0.000193584       0.000046313  C
  1     6      -0.000204535       0.000104420      -0.000175602  C
  1     6       0.000062625       0.000035129      -0.000105249  C
  1     6      -0.000013524      -0.000115313      -0.000081959  C
  1     6       0.000039418       0.000001978      -0.000229644  C
  1     6      -0.000194091       0.000093457      -0.000231139  C
  1     6      -0.000076886       0.000039428      -0.000229566  C
  1     6      -0.000033077       0.000216232      -0.000066490  C
  1     6      -0.000091937       0.000045839      -0.000083094  C
  1     6      -0.000191153       0.000239114      -0.000002921  C
  1     6      -0.000165368       0.000109649      -0.000035284  C
  1     6      -0.000149366       0.000088713      -0.000163363  C
  1     6       0.000011089       0.000041139      -0.000043639  C
  1     6      -0.000061505      -0.000075866      -0.000130532  C
  1     6       0.000095074       0.000162592      -0.000163552  C
  1     6       0.000003298       0.000234359      -0.000084547  C
  1     6      -0.000026684       0.000172106       0.000012137  C
  1     6      -0.000026685       0.000066050      -0.000018810  C
  1     6       0.000011321       0.000034229      -0.000052289  C
  1     6      -0.000104905      -0.000021960      -0.000091650  C
  1     6      -0.000101391       0.000288102      -0.000087057  C
  1     6      -0.000065857       0.000151018      -0.000199505  C
  1     6      -0.000006908       0.000168542      -0.000083562  C
  1     6      -0.000024588       0.000178872      -0.000091599  C
  1     6      -0.000023962       0.000199151       0.000035719  C
  1     6      -0.000232782       0.000124628       0.000023070  C
  1     6      -0.000005034       0.000005122      -0.000017788  C
  1     6      -0.000142850       0.000126823      -0.000026234  C
  1     6      -0.000131398      -0.000047566      -0.000066031  C
  1     6      -0.000282805       0.000116747      -0.000058672  C
  1     6      -0.000347392       0.000049206      -0.000089718  C
  1     6      -0.000147914       0.000143998      -0.000081740  C
  1     6      -0.000006655      -0.000009401      -0.000045115  C
  1     6      -0.000051057       0.000138513      -0.000097487  C
  1     6      -0.000119410       0.000078934      -0.000036004  C
  1     6      -0.000031758       0.000003376      -0.000014128  C
  1     6      -0.000014471      -0.000033456      -0.000108286  C
  1     6      -0.000103052      -0.000047918      -0.000166007  C
  1     6      -0.000119116       0.000068697      -0.000154552  C
  1     6       0.000121403       0.000139250      -0.000025962  C
  1     6      -0.000120302       0.000120661       0.000013139  C
  1     6       0.000002448       0.000225314       0.000116999  C
  1     6      -0.000052763      -0.000126517       0.000013808  C
  1     6       0.000049406       0.000083817      -0.000044996  C
  1     6      -0.000115520       0.000003956      -0.000113387  C
  1     6      -0.000054852       0.000148538      -0.000119276  C
  1     6      -0.000260132       0.000097069      -0.000182455  C
  1     6      -0.000050688       0.000015831       0.000005476  C
  1     6      -0.000039143       0.000103575      -0.000013833  C
  1     6      -0.000045701       0.000234828       0.000142089  C
  1     6      -0.000029069       0.000107189       0.000002783  C
  1     6      -0.000008042      -0.000078959       0.000013277  C
  1     6      -0.000166533      -0.000024172      -0.000084034  C
  1     6      -0.000035938      -0.000078213      -0.000074941  C
  1     6      -0.000171631       0.000105610       0.000011012  C
  1     6      -0.000168887       0.000204623      -0.000116240  C
  1     6      -0.000037919       0.000050885      -0.000051329  C
  1     6      -0.000141710       0.000184228       0.000014358  C
  1     6      -0.000126779      -0.000016853       0.000157549  C
  1     6      -0.000149608      -0.000069926       0.000142041  C
  1     6      -0.000125508      -0.000033627       0.000035962  C
  1     6       0.000032882      -0.000040699      -0.000081054  C
  1     6      -0.000110932       0.000066180      -0.000162643  C
  1     6      -0.000064559       0.000004324      -0.000104310  C
  1     6      -0.000056753       0.000080864      -0.000017134  C
  1     6       0.000046799       0.000043252       0.000002955  C
  1     6       0.000106541      -0.000014416       0.000157598  C
  1     6      -0.000060718      -0.000033973      -0.000097125  C
  1     6       0.000042161      -0.000011672      -0.000082529  C
  1     6      -0.000069942      -0.000196514      -0.000041115  C
  1     6      -0.000038087       0.000197424      -0.000058807  C
  1     6      -0.000036664      -0.000018395      -0.000116114  C
  1     6       0.000114701       0.000166514      -0.000034592  C
  1     6       0.000061431       0.000139087      -0.000035376  C
  1     6      -0.000013765       0.000187851       0.000158251  C
  1     6      -0.000168950      -0.000023274       0.000117310  C
  1     6      -0.000102418      -0.000025084       0.000012608  C
  1     6      -0.000048301      -0.000083096      -0.000085491  C
  1     6       0.000091396       0.000161863      -0.000170424  C
  1     6      -0.000148811      -0.000006330      -0.000083600  C
  1     6       0.000000995       0.000176165      -0.000042437  C
  1     6       0.000001416       0.000062493      -0.000017800  C
  1     6       0.000126516      -0.000046010       0.000117514  C
  1     6      -0.000053232       0.000003403       0.000003088  C
  1     6       0.000036214      -0.000177352       0.000023753  C
  1     6      -0.000097141      -0.000085236       0.000047232  C
  1     6       0.000033930      -0.000068145      -0.000091852  C
  1     6      -0.000122410       0.000045015      -0.000098638  C
  1     6       0.000128814       0.000193660      -0.000174628  C
  1     6       0.000155220       0.000205041       0.000023991  C
  1     6       0.000158593      -0.000013159       0.000142298  C
  1     6       0.000019067      -0.000062409      -0.000035635  C
  1     6      -0.000087438      -0.000197805      -0.000002161  C
  1     6       0.000014300      -0.000246715      -0.000048381  C
  1     6       0.000088242      -0.000104029      -0.000129856  C
  1     6       0.000007005       0.000114933      -0.000115385  C
  1     6      -0.000001288       0.000206781      -0.000080073  C
  1     6       0.000230833       0.000105842      -0.000002028  C
  1     6       0.000077496       0.000038829      -0.000096842  C
  1     6       0.000157077       0.000090352       0.000014088  C
  1     6      -0.000016543       0.000028737      -0.000018180  C
  1     6       0.000194022      -0.000108280      -0.000127625  C
  1     6       0.000069187      -0.000091200      -0.000145148  C
  1     6       0.000145893       0.000117340      -0.000011517  C
  1     6      -0.000133996       0.000269444      -0.000113355  C
  1     6       0.000011020       0.000308311      -0.000127265  C
  1     6       0.000091919      -0.000006900       0.000012689  C
  1     6       0.000090881       0.000102871       0.000013327  C
  1     6       0.000024049       0.000069104      -0.000017452  C
  1     6       0.000032186      -0.000147951      -0.000175082  C
  1     6       0.000074089      -0.000123864      -0.000142951  C
  1     6       0.000027463       0.000119403      -0.000189082  C
  1     6       0.000085195       0.000213946      -0.000142660  C
  1     6       0.000138965       0.000036877       0.000047276  C
  1     6       0.000112716      -0.000023429       0.000036107  C
  1     6       0.000036680       0.000039173      -0.000013937  C
  1     6       0.000012997      -0.000122135      -0.000034999  C
  1     6       0.000108494      -0.000045085      -0.000080653  C
  1     6       0.000141026      -0.000122164      -0.000146558  C
  1     6       0.000113742       0.000004241      -0.000153589  C
  1     6       0.000049465       0.000276857      -0.000146450  C
  1     6       0.000223013       0.000215894      -0.000048395  C
  1     6       0.000005961       0.000111878      -0.000082361  C
  1     6      -0.000077481       0.000068515      -0.000045063  C
  1     6      -0.000010333       0.000062827      -0.000051689  C
  1     6       0.000079219      -0.000032009      -0.000042995  C
  1     6       0.000224158       0.000035528      -0.000113868  C
  1     6       0.000160907      -0.000200153      -0.000127652  C
  1     6       0.000109066       0.000330407      -0.000127760  C
  1     6       0.000059094       0.000192846      -0.000145079  C
  1     6       0.000110842       0.000072359      -0.000085586  C
  1     6       0.000125120      -0.000063180      -0.000083956  C
  1     6      -0.000015489      -0.000119666      -0.000026130  C
  1     6      -0.000042276       0.000108247      -0.000105116  C
  1     6       0.000030390       0.000142779      -0.000099236  C
  1     6       0.000013891      -0.000026671      -0.000189489  C
