              -1779.6931598046
         -0.000168451       0.000000014      -0.000000000
          0.000000014      -0.000168473       0.000000000
         -0.000000000      -0.000000000      -0.000038831
         148
  1     6       0.000072690       0.000246217      -0.001843246  C
  1     6       0.000717240       0.000236826      -0.001069435  C
  1     6       0.000476625      -0.000163976      -0.001201191  C
  1     6      -0.000253254      -0.000047585      -0.001843243  C
  1     6       0.000174909       0.000132030      -0.001458060  C
  1     6       0.000542376       0.000022832      -0.000983592  C
  1     6      -0.000205490       0.000098041      -0.001458059  C
  1     6      -0.000472447       0.000016998      -0.001605566  C
  1     6       0.000198920      -0.000098890      -0.001078372  C
  1     6      -0.000017525       0.000234301      -0.001078370  C
  1     6      -0.000737429       0.000190069      -0.001371538  C
  1     6      -0.000393060      -0.000327687      -0.001201192  C
  1     6      -0.000005476       0.000005219      -0.000957511  C
  1     6      -0.000567426       0.000515308      -0.001069429  C
  1     6      -0.000767947      -0.000174377      -0.001073129  C
  1     6      -0.000264148      -0.000478019      -0.000983589  C
  1     6      -0.000294641       0.000470880      -0.000983588  C
  1     6      -0.000665126       0.000361214      -0.000868968  C
  1     6      -0.000468789      -0.000685100      -0.000892817  C
  1     6      -0.000197847      -0.000119739      -0.001078371  C
  1     6      -0.000371679       0.000751632      -0.000892816  C
  1     6      -0.000371155      -0.000243671      -0.000722176  C
  1     6      -0.000166258      -0.000736450      -0.001069430  C
  1     6      -0.000099997       0.000507353      -0.001201190  C
  1     6      -0.000038211       0.000446373      -0.000722174  C
  1     6       0.000016057      -0.000744006      -0.000868970  C
  1     6       0.000014164      -0.000214367      -0.001458059  C
  1     6       0.000220211       0.000755356      -0.001073128  C
  1     6       0.000392918      -0.000186990      -0.000722175  C
  1     6       0.000200418      -0.000721073      -0.001371541  C
  1     6       0.000238201       0.000403754      -0.001605568  C
  1     6       0.000632629       0.000398511      -0.000868970  C
  1     6       0.000531307      -0.000565265      -0.001073132  C
  1     6       0.000164147      -0.000182933      -0.001843245  C
  1     6       0.000520566       0.000546696      -0.001371542  C
  1     6       0.000824016      -0.000050839      -0.000892818  C
  1     6       0.000217820      -0.000405047      -0.001605568  C
  1     6      -0.000217822       0.000405048      -0.001605568  C
  1     6      -0.000824019       0.000050838      -0.000892818  C
  1     6      -0.000520569      -0.000546697      -0.001371542  C
  1     6      -0.000164149       0.000182932      -0.001843245  C
  1     6      -0.000531306       0.000565264      -0.001073132  C
  1     6      -0.000632627      -0.000398512      -0.000868971  C
  1     6      -0.000238198      -0.000403755      -0.001605568  C
  1     6      -0.000200416       0.000721073      -0.001371541  C
  1     6      -0.000392917       0.000186990      -0.000722175  C
  1     6      -0.000220212      -0.000755356      -0.001073129  C
  1     6      -0.000014165       0.000214367      -0.001458059  C
  1     6      -0.000016057       0.000744006      -0.000868970  C
  1     6       0.000038212      -0.000446371      -0.000722174  C
  1     6       0.000099999      -0.000507354      -0.001201190  C
  1     6       0.000166258       0.000736450      -0.001069430  C
  1     6       0.000371154       0.000243671      -0.000722176  C
  1     6       0.000371677      -0.000751632      -0.000892816  C
  1     6       0.000197844       0.000119739      -0.001078371  C
  1     6       0.000468789       0.000685100      -0.000892817  C
  1     6       0.000665127      -0.000361214      -0.000868968  C
  1     6       0.000294643      -0.000470880      -0.000983588  C
  1     6       0.000264150       0.000478019      -0.000983589  C
  1     6       0.000767948       0.000174377      -0.001073129  C
  1     6       0.000567425      -0.000515308      -0.001069429  C
  1     6       0.000005475      -0.000005219      -0.000957511  C
  1     6       0.000393061       0.000327687      -0.001201193  C
  1     6       0.000737429      -0.000190068      -0.001371538  C
  1     6       0.000017528      -0.000234301      -0.001078370  C
  1     6      -0.000198920       0.000098890      -0.001078372  C
  1     6       0.000472445      -0.000016998      -0.001605566  C
  1     6       0.000205488      -0.000098040      -0.001458059  C
  1     6      -0.000542378      -0.000022831      -0.000983592  C
  1     6      -0.000174908      -0.000132029      -0.001458060  C
  1     6       0.000253255       0.000047586      -0.001843243  C
  1     6      -0.000476623       0.000163978      -0.001201191  C
  1     6      -0.000717238      -0.000236826      -0.001069435  C
  1     6      -0.000072688      -0.000246218      -0.001843246  C
  1     6       0.000429663      -0.000612782       0.001371542  C
  1     6       0.000826915      -0.000073034       0.000892818  C
  1     6       0.000286935       0.000375709       0.001605568  C
  1     6       0.000174513      -0.000425507       0.001605567  C
  1     6       0.000564478      -0.000484952       0.000868971  C
  1     6       0.000622442       0.000482411       0.001073128  C
  1     6       0.000197604       0.000165391       0.001843243  C
  1     6       0.000099163      -0.000769399       0.001073133  C
  1     6       0.000423941       0.000131918       0.000722176  C
  1     6       0.000321556       0.000690309       0.001371537  C
  1     6      -0.000105120      -0.000422253       0.000722175  C
  1     6       0.000143443       0.000743165       0.000868966  C
  1     6       0.000054782       0.000220990       0.001458059  C
  1     6      -0.000484101      -0.000668759       0.000892818  C
  1     6      -0.000320507       0.000313020       0.000722173  C
  1     6      -0.000037633       0.000765567       0.001069428  C
  1     6      -0.000176070      -0.000472294       0.001201192  C
  1     6      -0.000709615      -0.000235535       0.000868972  C
  1     6      -0.000344499       0.000764472       0.000892812  C
  1     6      -0.000169841       0.000162349       0.001078369  C
  1     6      -0.000723297       0.000309662       0.001073130  C
  1     6      -0.000176570       0.000526656       0.000983589  C
  1     6      -0.000362122      -0.000404437       0.000983592  C
  1     6      -0.000752907      -0.000054868       0.001371543  C
  1     6      -0.000328371       0.000399476       0.001201188  C
  1     6      -0.000000554       0.000007547       0.000957511  C
  1     6      -0.000638471      -0.000403575       0.001069433  C
  1     6      -0.000463150       0.000072448       0.001605569  C
  1     6       0.000218140       0.000076768       0.001078370  C
  1     6      -0.000049962      -0.000216454       0.001078374  C
  1     6       0.000156585      -0.000147097       0.001458058  C
  1     6       0.000536994      -0.000099576       0.000983589  C
  1     6      -0.000213072      -0.000051244       0.001458060  C
  1     6       0.000037039      -0.000242980       0.001843246  C
  1     6       0.000674430      -0.000339330       0.001069432  C
  1     6       0.000502758       0.000095475       0.001201193  C
  1     6      -0.000236347       0.000100238       0.001843246  C
  1     6       0.000236347      -0.000100236       0.001843247  C
  1     6      -0.000502755      -0.000095473       0.001201193  C
  1     6      -0.000674429       0.000339329       0.001069432  C
  1     6      -0.000037038       0.000242978       0.001843246  C
  1     6       0.000213070       0.000051244       0.001458060  C
  1     6      -0.000536996       0.000099575       0.000983589  C
  1     6      -0.000156590       0.000147094       0.001458058  C
  1     6       0.000049958       0.000216451       0.001078374  C
  1     6      -0.000218141      -0.000076771       0.001078370  C
  1     6       0.000463150      -0.000072447       0.001605569  C
  1     6       0.000638471       0.000403575       0.001069433  C
  1     6       0.000000555      -0.000007548       0.000957512  C
  1     6       0.000328373      -0.000399474       0.001201188  C
  1     6       0.000752907       0.000054868       0.001371543  C
  1     6       0.000362122       0.000404439       0.000983592  C
  1     6       0.000176572      -0.000526652       0.000983589  C
  1     6       0.000723300      -0.000309658       0.001073130  C
  1     6       0.000169841      -0.000162348       0.001078369  C
  1     6       0.000344497      -0.000764474       0.000892812  C
  1     6       0.000709612       0.000235533       0.000868972  C
  1     6       0.000176068       0.000472293       0.001201192  C
  1     6       0.000037628      -0.000765570       0.001069428  C
  1     6       0.000320505      -0.000313021       0.000722173  C
  1     6       0.000484102       0.000668759       0.000892818  C
  1     6      -0.000054781      -0.000220991       0.001458059  C
  1     6      -0.000143442      -0.000743166       0.000868967  C
  1     6       0.000105122       0.000422254       0.000722175  C
  1     6      -0.000321555      -0.000690306       0.001371537  C
  1     6      -0.000423938      -0.000131915       0.000722176  C
  1     6      -0.000099160       0.000769402       0.001073133  C
  1     6      -0.000197603      -0.000165390       0.001843243  C
  1     6      -0.000622440      -0.000482408       0.001073128  C
  1     6      -0.000564480       0.000484952       0.000868971  C
  1     6      -0.000174514       0.000425507       0.001605567  C
  1     6      -0.000286935      -0.000375711       0.001605568  C
  1     6      -0.000826916       0.000073033       0.000892818  C
  1     6      -0.000429665       0.000612780       0.001371542  C
