              -2933.9553055317
         -0.000174475       0.000000010       0.000000000
          0.000000010      -0.000174490       0.000000000
          0.000000000       0.000000000      -0.000027682
         244
  1     6       0.000087505       0.000003419       0.000083240  C
  1     6      -0.000188395       0.000077880      -0.000031566  C
  1     6      -0.000016363       0.000203001       0.000043689  C
  1     6       0.000015108       0.000087541       0.000055363  C
  1     6      -0.000054602       0.000102952       0.000083635  C
  1     6      -0.000092565      -0.000032839       0.000016927  C
  1     6       0.000136224       0.000130280       0.000010035  C
  1     6      -0.000003508       0.000157926      -0.000001728  C
  1     6       0.000066830      -0.000036661       0.000017105  C
  1     6       0.000154379      -0.000054741       0.000013491  C
  1     6       0.000037802       0.000037517      -0.000003872  C
  1     6       0.000161117      -0.000064319      -0.000135132  C
  1     6      -0.000063328       0.000044727      -0.000003813  C
  1     6       0.000207492      -0.000118639       0.000072050  C
  1     6       0.000039062      -0.000048562       0.000053947  C
  1     6       0.000077550       0.000097890      -0.000187454  C
  1     6      -0.000130346       0.000049237      -0.000187226  C
  1     6       0.000017593      -0.000167274      -0.000031454  C
  1     6       0.000252236      -0.000112264       0.000060641  C
  1     6       0.000106471      -0.000065989      -0.000002221  C
  1     6      -0.000015044       0.000013936      -0.000269484  C
  1     6      -0.000188544       0.000082690       0.000010546  C
  1     6       0.000096408       0.000085717       0.000014853  C
  1     6       0.000002945       0.000099590       0.000025365  C
  1     6      -0.000169312      -0.000098732      -0.000134678  C
  1     6      -0.000034392       0.000205914      -0.000135239  C
  1     6      -0.000014202       0.000072229       0.000020934  C
  1     6       0.000090428       0.000021821       0.000119381  C
  1     6       0.000150575      -0.000076316       0.000043343  C
  1     6       0.000017766      -0.000106803      -0.000187328  C
  1     6      -0.000172749      -0.000082185       0.000043295  C
  1     6       0.000129971      -0.000189267       0.000198353  C
  1     6      -0.000029590      -0.000126315       0.000051688  C
  1     6       0.000012372      -0.000172635       0.000009255  C
  1     6      -0.000144906      -0.000049569      -0.000002004  C
  1     6      -0.000128599       0.000097594       0.000051023  C
  1     6       0.000028957       0.000078498       0.000294195  C
  1     6      -0.000063126      -0.000014182       0.000020605  C
  1     6      -0.000012644      -0.000041501      -0.000004045  C
  1     6       0.000053017      -0.000041530       0.000024372  C
  1     6       0.000021314      -0.000053147       0.000294767  C
  1     6       0.000092116       0.000237888       0.000198118  C
  1     6       0.000131130       0.000132458      -0.000031358  C
  1     6      -0.000090683       0.000002069       0.000054426  C
  1     6      -0.000057611      -0.000078750       0.000118592  C
  1     6      -0.000090609       0.000017779       0.000294776  C
  1     6      -0.000127514       0.000070935       0.000015616  C
  1     6      -0.000010667       0.000106663       0.000016516  C
  1     6      -0.000254822      -0.000151868       0.000060679  C
  1     6      -0.000260718      -0.000008857       0.000198198  C
  1     6      -0.000070442       0.000098283       0.000119190  C
  1     6      -0.000006191       0.000267823       0.000071873  C
  1     6      -0.000154166      -0.000098141       0.000012826  C
  1     6      -0.000008549      -0.000116080       0.000014483  C
  1     6       0.000117093       0.000072045       0.000051121  C
  1     6      -0.000036125       0.000303018       0.000060253  C
  1     6      -0.000066636      -0.000070129       0.000083415  C
  1     6      -0.000236013      -0.000112913       0.000070991  C
  1     6       0.000036049      -0.000014241       0.000020424  C
  1     6      -0.000097265      -0.000015039       0.000024855  C
  1     6      -0.000036570       0.000190623       0.000013452  C
  1     6       0.000036570      -0.000190645       0.000013452  C
  1     6       0.000097295       0.000015056       0.000024854  C
  1     6      -0.000036119       0.000014183       0.000020418  C
  1     6       0.000236125       0.000112958       0.000070911  C
  1     6       0.000066642       0.000070115       0.000083415  C
  1     6       0.000036181      -0.000303003       0.000060253  C
  1     6      -0.000117087      -0.000072106       0.000051120  C
  1     6       0.000008530       0.000116047       0.000014482  C
  1     6       0.000154177       0.000098125       0.000012831  C
  1     6       0.000006187      -0.000267786       0.000071879  C
  1     6       0.000070457      -0.000098233       0.000119188  C
  1     6       0.000260725       0.000008878       0.000198205  C
  1     6       0.000254830       0.000151850       0.000060680  C
  1     6       0.000010688      -0.000106654       0.000016513  C
  1     6       0.000127522      -0.000070920       0.000015622  C
  1     6       0.000090556      -0.000017735       0.000294777  C
  1     6       0.000057529       0.000078704       0.000118585  C
  1     6       0.000090684      -0.000002103       0.000054425  C
  1     6      -0.000131111      -0.000132477      -0.000031362  C
  1     6      -0.000092071      -0.000237928       0.000198115  C
  1     6      -0.000021370       0.000053069       0.000294757  C
  1     6      -0.000052970       0.000041491       0.000024373  C
  1     6       0.000012719       0.000041505      -0.000004046  C
  1     6       0.000063153       0.000014211       0.000020608  C
  1     6      -0.000028994      -0.000078414       0.000294199  C
  1     6       0.000128581      -0.000097566       0.000051022  C
  1     6       0.000144969       0.000049583      -0.000002002  C
  1     6      -0.000012368       0.000172660       0.000009255  C
  1     6       0.000029535       0.000126286       0.000051686  C
  1     6      -0.000130072       0.000189246       0.000198350  C
  1     6       0.000172780       0.000082203       0.000043296  C
  1     6      -0.000017714       0.000106803      -0.000187326  C
  1     6      -0.000150520       0.000076275       0.000043342  C
  1     6      -0.000090444      -0.000021888       0.000119380  C
  1     6       0.000014186      -0.000072239       0.000020931  C
  1     6       0.000034438      -0.000205931      -0.000135252  C
  1     6       0.000169320       0.000098749      -0.000134678  C
  1     6      -0.000002970      -0.000099589       0.000025369  C
  1     6      -0.000096468      -0.000085688       0.000014853  C
  1     6       0.000188598      -0.000082632       0.000010548  C
  1     6       0.000015067      -0.000013953      -0.000269492  C
  1     6      -0.000106479       0.000066001      -0.000002227  C
  1     6      -0.000252285       0.000112279       0.000060642  C
  1     6      -0.000017624       0.000167324      -0.000031458  C
  1     6       0.000130343      -0.000049202      -0.000187232  C
  1     6      -0.000077556      -0.000097893      -0.000187456  C
  1     6      -0.000039084       0.000048553       0.000053950  C
  1     6      -0.000207519       0.000118653       0.000072050  C
  1     6       0.000063367      -0.000044713      -0.000003816  C
  1     6      -0.000161089       0.000064303      -0.000135122  C
  1     6      -0.000037825      -0.000037519      -0.000003867  C
  1     6      -0.000154383       0.000054738       0.000013487  C
  1     6      -0.000066802       0.000036670       0.000017109  C
  1     6       0.000003574      -0.000157908      -0.000001724  C
  1     6      -0.000136197      -0.000130270       0.000010036  C
  1     6       0.000092545       0.000032827       0.000016926  C
  1     6       0.000054568      -0.000102913       0.000083635  C
  1     6      -0.000015070      -0.000087436       0.000055367  C
  1     6       0.000016369      -0.000202952       0.000043681  C
  1     6       0.000188324      -0.000078011      -0.000031563  C
  1     6      -0.000087510      -0.000003439       0.000083242  C
  1     6      -0.000209157       0.000167381      -0.000071854  C
  1     6       0.000049623       0.000041600      -0.000020613  C
  1     6      -0.000080990       0.000058015      -0.000025361  C
  1     6      -0.000050133      -0.000155963      -0.000013498  C
  1     6      -0.000129367       0.000144699      -0.000013449  C
  1     6       0.000020904       0.000144343      -0.000015612  C
  1     6       0.000118434      -0.000053210      -0.000051727  C
  1     6      -0.000063752      -0.000268763      -0.000060640  C
  1     6      -0.000048722       0.000105755      -0.000083641  C
  1     6      -0.000218934       0.000212530      -0.000060271  C
  1     6      -0.000245003       0.000071075      -0.000198110  C
  1     6      -0.000072231      -0.000058668      -0.000119345  C
  1     6      -0.000031585      -0.000236940      -0.000072030  C
  1     6      -0.000035439       0.000115640      -0.000119184  C
  1     6      -0.000079931       0.000024558      -0.000294212  C
  1     6      -0.000126615      -0.000024698      -0.000014870  C
  1     6      -0.000011336      -0.000075373      -0.000017114  C
  1     6       0.000070952       0.000068239      -0.000024858  C
  1     6       0.000040885       0.000082775      -0.000294759  C
  1     6       0.000071568      -0.000218169      -0.000198328  C
  1     6       0.000122340      -0.000115461       0.000031470  C
  1     6      -0.000078695       0.000041144      -0.000055359  C
  1     6      -0.000128335      -0.000049364      -0.000051134  C
  1     6       0.000029242      -0.000049138      -0.000294750  C
  1     6      -0.000048798       0.000055053      -0.000020965  C
  1     6       0.000002964       0.000077546       0.000003810  C
  1     6       0.000165188       0.000201977      -0.000198210  C
  1     6       0.000000400       0.000161520      -0.000051007  C
  1     6       0.000048691       0.000200160      -0.000010550  C
  1     6      -0.000123439       0.000098594       0.000001728  C
  1     6      -0.000010559      -0.000037343      -0.000020426  C
  1     6       0.000097570      -0.000001996      -0.000118593  C
  1     6       0.000170180       0.000087540      -0.000043290  C
  1     6       0.000039981       0.000133488       0.000187242  C
  1     6      -0.000151440       0.000136179      -0.000043680  C
  1     6       0.000097479      -0.000063617      -0.000014473  C
  1     6       0.000000834      -0.000067374      -0.000024372  C
  1     6      -0.000142804       0.000152193       0.000135225  C
  1     6      -0.000046598      -0.000167110       0.000135133  C
  1     6       0.000275276       0.000110475      -0.000060687  C
  1     6       0.000127319       0.000085192       0.000002025  C
  1     6      -0.000001953       0.000020406       0.000269489  C
  1     6      -0.000186210      -0.000029324      -0.000010032  C
  1     6       0.000232947       0.000119122      -0.000070993  C
  1     6       0.000053354       0.000073330      -0.000054432  C
  1     6       0.000074159      -0.000078932       0.000187309  C
  1     6      -0.000124863      -0.000002243       0.000187415  C
  1     6       0.000052394       0.000197084       0.000031565  C
  1     6       0.000171507       0.000063011      -0.000012845  C
  1     6       0.000040702      -0.000015086       0.000004038  C
  1     6       0.000181197       0.000074720       0.000134711  C
  1     6      -0.000052777      -0.000007265       0.000003880  C
  1     6      -0.000078303       0.000073114      -0.000016522  C
  1     6       0.000129774      -0.000114542      -0.000009266  C
  1     6      -0.000012074      -0.000124722       0.000002203  C
  1     6       0.000082200       0.000053605      -0.000016935  C
  1     6       0.000096172       0.000010427      -0.000083436  C
  1     6      -0.000184838      -0.000023926       0.000031362  C
  1     6      -0.000030596      -0.000165954      -0.000043322  C
  1     6       0.000014908      -0.000060416      -0.000053972  C
  1     6      -0.000055841      -0.000067437      -0.000083237  C
  1     6       0.000055811       0.000067491      -0.000083230  C
  1     6      -0.000014829       0.000060524      -0.000053970  C
  1     6       0.000030667       0.000166017      -0.000043324  C
  1     6       0.000184828       0.000023929       0.000031366  C
  1     6      -0.000096169      -0.000010427      -0.000083423  C
  1     6      -0.000082252      -0.000053605      -0.000016932  C
  1     6       0.000012051       0.000124733       0.000002210  C
  1     6      -0.000129818       0.000114591      -0.000009265  C
  1     6       0.000078324      -0.000073143      -0.000016518  C
  1     6       0.000052776       0.000007244       0.000003890  C
  1     6      -0.000181212      -0.000074753       0.000134718  C
  1     6      -0.000040694       0.000015052       0.000004036  C
  1     6      -0.000171516      -0.000063063      -0.000012832  C
  1     6      -0.000052374      -0.000197081       0.000031572  C
  1     6       0.000124870       0.000002222       0.000187419  C
  1     6      -0.000074184       0.000078933       0.000187304  C
  1     6      -0.000053332      -0.000073335      -0.000054436  C
  1     6      -0.000233048      -0.000119214      -0.000070905  C
  1     6       0.000186212       0.000029308      -0.000010035  C
  1     6       0.000001929      -0.000020433       0.000269486  C
  1     6      -0.000127326      -0.000085202       0.000002026  C
  1     6      -0.000275290      -0.000110442      -0.000060684  C
  1     6       0.000046581       0.000167060       0.000135132  C
  1     6       0.000142830      -0.000152194       0.000135215  C
  1     6      -0.000000842       0.000067332      -0.000024365  C
  1     6      -0.000097505       0.000063630      -0.000014475  C
  1     6       0.000151465      -0.000136205      -0.000043674  C
  1     6      -0.000039941      -0.000133486       0.000187235  C
  1     6      -0.000170153      -0.000087508      -0.000043288  C
  1     6      -0.000097564       0.000001937      -0.000118596  C
  1     6       0.000010522       0.000037316      -0.000020428  C
  1     6       0.000123394      -0.000098592       0.000001729  C
  1     6      -0.000048669      -0.000200129      -0.000010546  C
  1     6      -0.000000414      -0.000161455      -0.000051009  C
  1     6      -0.000165186      -0.000201971      -0.000198210  C
  1     6      -0.000002872      -0.000077506       0.000003811  C
  1     6       0.000048799      -0.000055053      -0.000020961  C
  1     6      -0.000029261       0.000049173      -0.000294752  C
  1     6       0.000128295       0.000049393      -0.000051138  C
  1     6       0.000078714      -0.000041045      -0.000055364  C
  1     6      -0.000122399       0.000115481       0.000031473  C
  1     6      -0.000071612       0.000218123      -0.000198333  C
  1     6      -0.000040902      -0.000082756      -0.000294761  C
  1     6      -0.000070941      -0.000068244      -0.000024859  C
  1     6       0.000011364       0.000075341      -0.000017114  C
  1     6       0.000126633       0.000024652      -0.000014870  C
  1     6       0.000079919      -0.000024586      -0.000294212  C
  1     6       0.000035400      -0.000115629      -0.000119177  C
  1     6       0.000031563       0.000236938      -0.000072032  C
  1     6       0.000072282       0.000058692      -0.000119351  C
  1     6       0.000244995      -0.000071090      -0.000198102  C
  1     6       0.000218958      -0.000212520      -0.000060264  C
  1     6       0.000048695      -0.000105782      -0.000083604  C
  1     6       0.000063703       0.000268718      -0.000060638  C
  1     6      -0.000118398       0.000053232      -0.000051725  C
  1     6      -0.000020868      -0.000144250      -0.000015602  C
  1     6       0.000129393      -0.000144714      -0.000013460  C
  1     6       0.000050100       0.000155922      -0.000013498  C
  1     6       0.000080964      -0.000058058      -0.000025356  C
  1     6      -0.000049648      -0.000041649      -0.000020610  C
  1     6       0.000209201      -0.000167395      -0.000071849  C
