              -4376.8069225730
         -0.000176039       0.000000011       0.000000000
          0.000000011      -0.000176055      -0.000000000
          0.000000000       0.000000000      -0.000027536
         364
  1     6      -0.000034006      -0.000119204       0.000035843  C
  1     6       0.000073327      -0.000127413       0.000034124  C
  1     6      -0.000114965      -0.000067664       0.000066337  C
  1     6       0.000123362      -0.000079313       0.000080489  C
  1     6       0.000016937       0.000054881       0.000070315  C
  1     6       0.000117493       0.000066827       0.000036003  C
  1     6       0.000003932      -0.000124383       0.000037944  C
  1     6      -0.000052189      -0.000161946       0.000039355  C
  1     6       0.000035540       0.000207773       0.000083534  C
  1     6       0.000060375       0.000132555       0.000104886  C
  1     6       0.000100490       0.000098671       0.000038316  C
  1     6       0.000049040      -0.000071409       0.000062394  C
  1     6       0.000070731      -0.000110746       0.000062129  C
  1     6       0.000174204      -0.000061807       0.000086072  C
  1     6       0.000205195       0.000067877       0.000112638  C
  1     6       0.000055967       0.000150003       0.000062457  C
  1     6       0.000090260       0.000058386       0.000035777  C
  1     6       0.000010066      -0.000028809       0.000070188  C
  1     6      -0.000190012      -0.000040505       0.000098724  C
  1     6       0.000040719       0.000050090       0.000082287  C
  1     6       0.000126611      -0.000113809       0.000098875  C
  1     6       0.000067113       0.000157867       0.000034469  C
  1     6       0.000184010       0.000106436       0.000032980  C
  1     6       0.000051709      -0.000111348       0.000104598  C
  1     6       0.000151334      -0.000031210       0.000081133  C
  1     6      -0.000057997       0.000178667       0.000081107  C
  1     6       0.000158218       0.000069409       0.000039689  C
  1     6       0.000097212      -0.000034334      -0.000009302  C
  1     6       0.000011798      -0.000067188       0.000063121  C
  1     6      -0.000076705      -0.000198847       0.000112515  C
  1     6      -0.000011984       0.000014574       0.000067131  C
  1     6      -0.000044254       0.000214081       0.000086211  C
  1     6      -0.000040043      -0.000135755       0.000005079  C
  1     6       0.000078755      -0.000049435       0.000019159  C
  1     6      -0.000161646      -0.000055195       0.000080277  C
  1     6      -0.000011699      -0.000050276       0.000082403  C
  1     6      -0.000070957       0.000044695       0.000082286  C
  1     6       0.000108713      -0.000033023       0.000066420  C
  1     6       0.000105883      -0.000019954      -0.000007457  C
  1     6       0.000012986      -0.000087870       0.000036747  C
  1     6       0.000131416      -0.000124076       0.000083100  C
  1     6      -0.000135780      -0.000106653       0.000080869  C
  1     6      -0.000205380      -0.000042825       0.000083282  C
  1     6       0.000109956      -0.000211843       0.000011218  C
  1     6      -0.000032919       0.000037195       0.000035584  C
  1     6      -0.000159956      -0.000055951       0.000051675  C
  1     6      -0.000167599      -0.000111305       0.000086136  C
  1     6      -0.000166097       0.000176167       0.000112304  C
  1     6      -0.000001285       0.000180515       0.000051556  C
  1     6       0.000068059       0.000011084       0.000013558  C
  1     6      -0.000016880       0.000177451       0.000019569  C
  1     6      -0.000035840       0.000147332       0.000066268  C
  1     6       0.000026155       0.000200073       0.000098426  C
  1     6       0.000001302       0.000178182       0.000080106  C
  1     6       0.000128109      -0.000064850       0.000019326  C
  1     6       0.000091938       0.000074653       0.000027841  C
  1     6       0.000123541       0.000231366       0.000011138  C
  1     6      -0.000147039       0.000135909       0.000039530  C
  1     6      -0.000152462       0.000023196       0.000104312  C
  1     6      -0.000116995       0.000040825       0.000036493  C
  1     6      -0.000012847      -0.000104954       0.000027720  C
  1     6      -0.000054556       0.000087867       0.000013495  C
  1     6       0.000133113       0.000065119       0.000004829  C
  1     6      -0.000163849       0.000004289       0.000062039  C
  1     6      -0.000097034       0.000036354       0.000062719  C
  1     6       0.000018516       0.000022456       0.000035225  C
  1     6      -0.000117483       0.000075297       0.000027850  C
  1     6      -0.000042855       0.000139243      -0.000007720  C
  1     6      -0.000178127       0.000013621       0.000034220  C
  1     6      -0.000061238       0.000019169       0.000069788  C
  1     6      -0.000115093      -0.000034874       0.000018870  C
  1     6      -0.000058173      -0.000057697       0.000013367  C
  1     6      -0.000016320      -0.000019922       0.000035491  C
  1     6      -0.000022877       0.000132636      -0.000009606  C
  1     6      -0.000141516       0.000069469       0.000037869  C
  1     6      -0.000029605      -0.000204676       0.000032606  C
  1     6      -0.000104527      -0.000071616      -0.000007846  C
  1     6      -0.000154072      -0.000069280       0.000019443  C
  1     6      -0.000004215       0.000127940       0.000019223  C
  1     6      -0.000098835       0.000081410       0.000035591  C
  1     6      -0.000116988       0.000005626       0.000062148  C
  1     6      -0.000112410      -0.000053108      -0.000009914  C
  1     6      -0.000265354       0.000022910       0.000010862  C
  1     6       0.000060452       0.000089806       0.000036726  C
  1     6      -0.000190436       0.000141088       0.000032933  C
  1     6      -0.000118809       0.000099847       0.000035887  C
  1     6      -0.000024729      -0.000094642       0.000035363  C
  1     6      -0.000130946       0.000113194       0.000004632  C
  1     6       0.000124452      -0.000081155       0.000051525  C
  1     6       0.000047772       0.000075374       0.000063249  C
  1     6       0.000027361       0.000110654       0.000062539  C
  1     6      -0.000027248      -0.000110574       0.000062543  C
  1     6      -0.000047708      -0.000075318       0.000063251  C
  1     6      -0.000124424       0.000081215       0.000051528  C
  1     6       0.000130950      -0.000113123       0.000004633  C
  1     6       0.000024695       0.000094730       0.000035366  C
  1     6       0.000118722      -0.000099827       0.000035886  C
  1     6       0.000190318      -0.000141095       0.000032934  C
  1     6      -0.000060548      -0.000089836       0.000036725  C
  1     6       0.000265279      -0.000022956       0.000010864  C
  1     6       0.000112340       0.000053044      -0.000009913  C
  1     6       0.000116954      -0.000005745       0.000062143  C
  1     6       0.000098843      -0.000081521       0.000035589  C
  1     6       0.000004238      -0.000127991       0.000019223  C
  1     6       0.000154135       0.000069267       0.000019436  C
  1     6       0.000104576       0.000071606      -0.000007848  C
  1     6       0.000029682       0.000204672       0.000032604  C
  1     6       0.000141633      -0.000069419       0.000037869  C
  1     6       0.000022960      -0.000132563      -0.000009603  C
  1     6       0.000016354       0.000019968       0.000035493  C
  1     6       0.000058186       0.000057721       0.000013363  C
  1     6       0.000115090       0.000034908       0.000018871  C
  1     6       0.000061183      -0.000019046       0.000069792  C
  1     6       0.000178032      -0.000013548       0.000034227  C
  1     6       0.000042749      -0.000139219      -0.000007718  C
  1     6       0.000117436      -0.000075285       0.000027851  C
  1     6      -0.000018552      -0.000022481       0.000035226  C
  1     6       0.000097029      -0.000036429       0.000062715  C
  1     6       0.000163809      -0.000004435       0.000062039  C
  1     6      -0.000133083      -0.000065233       0.000004830  C
  1     6       0.000054556      -0.000087924       0.000013496  C
  1     6       0.000012871       0.000104934       0.000027721  C
  1     6       0.000116991      -0.000040823       0.000036489  C
  1     6       0.000152497      -0.000023215       0.000104314  C
  1     6       0.000147110      -0.000135875       0.000039532  C
  1     6      -0.000123471      -0.000231304       0.000011135  C
  1     6      -0.000091894      -0.000074646       0.000027844  C
  1     6      -0.000128061       0.000064891       0.000019323  C
  1     6      -0.000001312      -0.000178101       0.000080109  C
  1     6      -0.000026171      -0.000199937       0.000098425  C
  1     6       0.000035758      -0.000147253       0.000066273  C
  1     6       0.000016834      -0.000177400       0.000019569  C
  1     6      -0.000068079      -0.000011052       0.000013556  C
  1     6       0.000001288      -0.000180549       0.000051556  C
  1     6       0.000166114      -0.000176245       0.000112303  C
  1     6       0.000167577       0.000111183       0.000086136  C
  1     6       0.000159960       0.000055869       0.000051675  C
  1     6       0.000032901      -0.000037255       0.000035584  C
  1     6      -0.000109992       0.000211796       0.000011220  C
  1     6       0.000205348       0.000042784       0.000083280  C
  1     6       0.000135792       0.000106623       0.000080869  C
  1     6      -0.000131372       0.000124078       0.000083106  C
  1     6      -0.000012936       0.000087885       0.000036744  C
  1     6      -0.000105867       0.000019963      -0.000007457  C
  1     6      -0.000108683       0.000033059       0.000066422  C
  1     6       0.000070951      -0.000044645       0.000082289  C
  1     6       0.000011675       0.000050379       0.000082407  C
  1     6       0.000161609       0.000055233       0.000080280  C
  1     6      -0.000078749       0.000049502       0.000019157  C
  1     6       0.000040058       0.000135780       0.000005078  C
  1     6       0.000044282      -0.000214076       0.000086212  C
  1     6       0.000012007      -0.000014601       0.000067132  C
  1     6       0.000076737       0.000198786       0.000112515  C
  1     6      -0.000011809       0.000067159       0.000063119  C
  1     6      -0.000097250       0.000034306      -0.000009305  C
  1     6      -0.000158271      -0.000069445       0.000039689  C
  1     6       0.000057929      -0.000178705       0.000081105  C
  1     6      -0.000151386       0.000031175       0.000081130  C
  1     6      -0.000051749       0.000111342       0.000104599  C
  1     6      -0.000184014      -0.000106474       0.000032979  C
  1     6      -0.000067100      -0.000157878       0.000034470  C
  1     6      -0.000126586       0.000113834       0.000098871  C
  1     6      -0.000040691      -0.000050065       0.000082290  C
  1     6       0.000190040       0.000040527       0.000098726  C
  1     6      -0.000010013       0.000028830       0.000070193  C
  1     6      -0.000090222      -0.000058337       0.000035776  C
  1     6      -0.000055906      -0.000149945       0.000062458  C
  1     6      -0.000205137      -0.000067836       0.000112640  C
  1     6      -0.000174151       0.000061821       0.000086069  C
  1     6      -0.000070688       0.000110785       0.000062125  C
  1     6      -0.000049046       0.000071430       0.000062394  C
  1     6      -0.000100587      -0.000098691       0.000038315  C
  1     6      -0.000060464      -0.000132613       0.000104888  C
  1     6      -0.000035638      -0.000207840       0.000083533  C
  1     6       0.000052094       0.000161897       0.000039355  C
  1     6      -0.000004037       0.000124304       0.000037946  C
  1     6      -0.000117533      -0.000066885       0.000036004  C
  1     6      -0.000016915      -0.000054916       0.000070314  C
  1     6      -0.000123315       0.000079338       0.000080491  C
  1     6       0.000115033       0.000067651       0.000066331  C
  1     6      -0.000073225       0.000127414       0.000034122  C
  1     6       0.000034121       0.000119239       0.000035845  C
  1     6      -0.000045112       0.000119333      -0.000029427  C
  1     6      -0.000154431      -0.000080987       0.000005552  C
  1     6       0.000097101       0.000068261      -0.000046436  C
  1     6      -0.000019248      -0.000052829      -0.000060530  C
  1     6       0.000006676      -0.000089050      -0.000059310  C
  1     6      -0.000103963       0.000060301      -0.000059375  C
  1     6      -0.000092697       0.000159577       0.000026366  C
  1     6      -0.000263939       0.000058251       0.000001192  C
  1     6       0.000070591      -0.000078614      -0.000015476  C
  1     6      -0.000165949      -0.000054171      -0.000018204  C
  1     6      -0.000135826      -0.000026167      -0.000049986  C
  1     6       0.000014623       0.000194516      -0.000018070  C
  1     6      -0.000077702       0.000089108       0.000015410  C
  1     6      -0.000127066       0.000113492      -0.000002431  C
  1     6       0.000030179      -0.000109426       0.000017256  C
  1     6      -0.000071042      -0.000067285      -0.000029637  C
  1     6      -0.000137044       0.000053384       0.000017179  C
  1     6      -0.000066578       0.000101481      -0.000004600  C
  1     6      -0.000035641       0.000078362      -0.000005424  C
  1     6      -0.000078949      -0.000126932       0.000026100  C
  1     6      -0.000139532      -0.000087226      -0.000034582  C
  1     6      -0.000057239       0.000065221      -0.000060622  C
  1     6       0.000061899       0.000015221      -0.000005251  C
  1     6      -0.000077811      -0.000043641       0.000000859  C
  1     6      -0.000028530      -0.000081974       0.000015407  C
  1     6      -0.000194503       0.000106216      -0.000039263  C
  1     6      -0.000103619       0.000025366      -0.000069206  C
  1     6      -0.000122406       0.000000273      -0.000015474  C
  1     6      -0.000023361       0.000112185       0.000000817  C
  1     6      -0.000047004      -0.000078117      -0.000004517  C
  1     6       0.000159378      -0.000061760       0.000005286  C
  1     6      -0.000113537       0.000054653      -0.000075579  C
  1     6       0.000139066       0.000079614      -0.000002145  C
  1     6       0.000086588      -0.000010367       0.000000847  C
  1     6       0.000091143      -0.000225090       0.000001118  C
  1     6      -0.000145417      -0.000136375      -0.000055933  C
  1     6      -0.000133063      -0.000004340      -0.000119804  C
  1     6      -0.000012295      -0.000094569      -0.000046336  C
  1     6       0.000102895       0.000032861      -0.000004555  C
  1     6      -0.000021667      -0.000134527      -0.000002127  C
  1     6      -0.000079879      -0.000070636      -0.000061796  C
  1     6       0.000000961      -0.000147084      -0.000116705  C
  1     6      -0.000020212      -0.000185349      -0.000091210  C
  1     6       0.000156677       0.000224451       0.000001247  C
  1     6      -0.000039578      -0.000038246      -0.000004960  C
  1     6      -0.000092786       0.000081165      -0.000046215  C
  1     6      -0.000118339       0.000164622      -0.000108869  C
  1     6      -0.000183030      -0.000092749      -0.000104901  C
  1     6       0.000097399       0.000050336       0.000015737  C
  1     6       0.000040587       0.000135579      -0.000015201  C
  1     6       0.000146036       0.000108472      -0.000088009  C
  1     6      -0.000107366       0.000120628      -0.000093878  C
  1     6      -0.000158279       0.000101029      -0.000087951  C
  1     6      -0.000017305       0.000198283       0.000005555  C
  1     6       0.000090050       0.000109492       0.000017578  C
  1     6      -0.000177149       0.000134874      -0.000090924  C
  1     6      -0.000001518       0.000100805      -0.000089243  C
  1     6      -0.000073531      -0.000017376      -0.000089638  C
  1     6       0.000112872      -0.000002571      -0.000061635  C
  1     6       0.000157218       0.000025396       0.000026577  C
  1     6       0.000063805       0.000043335      -0.000060250  C
  1     6      -0.000010847       0.000229257      -0.000104561  C
  1     6      -0.000003620       0.000017784      -0.000070196  C
  1     6      -0.000070185      -0.000156542      -0.000108780  C
  1     6       0.000139967      -0.000082434      -0.000017609  C
  1     6       0.000039443       0.000140487      -0.000119281  C
  1     6       0.000134812       0.000056354      -0.000093649  C
  1     6      -0.000043476      -0.000123150      -0.000093812  C
  1     6       0.000200349      -0.000020426      -0.000055699  C
  1     6       0.000099315       0.000003544      -0.000029195  C
  1     6       0.000048540       0.000100449      -0.000068771  C
  1     6      -0.000153617       0.000101294      -0.000116244  C
  1     6       0.000062688      -0.000020455      -0.000089720  C
  1     6       0.000137454       0.000106522      -0.000116447  C
  1     6       0.000017629      -0.000186304      -0.000038705  C
  1     6       0.000083314       0.000080802      -0.000059275  C
  1     6       0.000087891       0.000093936      -0.000075096  C
  1     6       0.000182463       0.000046789      -0.000108653  C
  1     6       0.000185454      -0.000084827      -0.000104702  C
  1     6       0.000014588      -0.000098811      -0.000075299  C
  1     6      -0.000030358       0.000185581      -0.000034094  C
  1     6      -0.000072101       0.000217198      -0.000055719  C
  1     6      -0.000001954      -0.000155506      -0.000087817  C
  1     6       0.000078766      -0.000078589      -0.000119595  C
  1     6       0.000155207      -0.000044096      -0.000034186  C
  1     6       0.000021947       0.000154337      -0.000049970  C
  1     6       0.000163723       0.000137766      -0.000038859  C
  1     6      -0.000047331       0.000131878      -0.000061430  C
  1     6       0.000181224       0.000113478      -0.000091237  C
  1     6       0.000040053      -0.000068494      -0.000069105  C
  1     6       0.000097781      -0.000074374      -0.000049880  C
  1     6      -0.000097855       0.000074419      -0.000049877  C
  1     6      -0.000040181       0.000068480      -0.000069101  C
  1     6      -0.000181289      -0.000113594      -0.000091233  C
  1     6       0.000047328      -0.000132061      -0.000061430  C
  1     6      -0.000163683      -0.000137877      -0.000038859  C
  1     6      -0.000021835      -0.000154365      -0.000049970  C
  1     6      -0.000155235       0.000044005      -0.000034185  C
  1     6      -0.000078778       0.000078604      -0.000119593  C
  1     6       0.000001984       0.000155611      -0.000087815  C
  1     6       0.000072171      -0.000217104      -0.000055719  C
  1     6       0.000030396      -0.000185454      -0.000034096  C
  1     6      -0.000014449       0.000098842      -0.000075302  C
  1     6      -0.000185425       0.000084944      -0.000104702  C
  1     6      -0.000182537      -0.000046773      -0.000108658  C
  1     6      -0.000087949      -0.000093906      -0.000075095  C
  1     6      -0.000083443      -0.000080847      -0.000059278  C
  1     6      -0.000017713       0.000186390      -0.000038704  C
  1     6      -0.000137565      -0.000106619      -0.000116444  C
  1     6      -0.000062759       0.000020287      -0.000089716  C
  1     6       0.000153609      -0.000101374      -0.000116241  C
  1     6      -0.000048478      -0.000100534      -0.000068771  C
  1     6      -0.000099200      -0.000003487      -0.000029199  C
  1     6      -0.000200388       0.000020349      -0.000055699  C
  1     6       0.000043488       0.000123079      -0.000093812  C
  1     6      -0.000134663      -0.000056304      -0.000093650  C
  1     6      -0.000039330      -0.000140374      -0.000119283  C
  1     6      -0.000139918       0.000082603      -0.000017613  C
  1     6       0.000070215       0.000156639      -0.000108783  C
  1     6       0.000003643      -0.000017699      -0.000070193  C
  1     6       0.000010804      -0.000229192      -0.000104562  C
  1     6      -0.000063841      -0.000043286      -0.000060251  C
  1     6      -0.000157308      -0.000025406       0.000026575  C
  1     6      -0.000112892       0.000002651      -0.000061637  C
  1     6       0.000073494       0.000017397      -0.000089637  C
  1     6       0.000001562      -0.000100930      -0.000089237  C
  1     6       0.000177101      -0.000134953      -0.000090925  C
  1     6      -0.000090113      -0.000109667       0.000017583  C
  1     6       0.000017293      -0.000198202       0.000005553  C
  1     6       0.000158196      -0.000101048      -0.000087952  C
  1     6       0.000107331      -0.000120936      -0.000093878  C
  1     6      -0.000145934      -0.000108448      -0.000088005  C
  1     6      -0.000040492      -0.000135632      -0.000015203  C
  1     6      -0.000097286      -0.000050404       0.000015740  C
  1     6       0.000183106       0.000092869      -0.000104897  C
  1     6       0.000118254      -0.000164476      -0.000108868  C
  1     6       0.000092768      -0.000081121      -0.000046211  C
  1     6       0.000039649       0.000038482      -0.000004960  C
  1     6      -0.000156738      -0.000224604       0.000001247  C
  1     6       0.000020279       0.000185423      -0.000091205  C
  1     6      -0.000000920       0.000147051      -0.000116707  C
  1     6       0.000079808       0.000070660      -0.000061801  C
  1     6       0.000021597       0.000134473      -0.000002128  C
  1     6      -0.000102922      -0.000032842      -0.000004550  C
  1     6       0.000012357       0.000094554      -0.000046334  C
  1     6       0.000133021       0.000004292      -0.000119806  C
  1     6       0.000145376       0.000136324      -0.000055934  C
  1     6      -0.000091100       0.000224979       0.000001117  C
  1     6      -0.000086619       0.000010516       0.000000847  C
  1     6      -0.000139039      -0.000079573      -0.000002141  C
  1     6       0.000113545      -0.000054700      -0.000075581  C
  1     6      -0.000159374       0.000061753       0.000005282  C
  1     6       0.000047025       0.000078043      -0.000004518  C
  1     6       0.000023314      -0.000112294       0.000000815  C
  1     6       0.000122394      -0.000000336      -0.000015475  C
  1     6       0.000103635      -0.000025347      -0.000069203  C
  1     6       0.000194512      -0.000106146      -0.000039260  C
  1     6       0.000028452       0.000082043       0.000015410  C
  1     6       0.000077799       0.000043600       0.000000863  C
  1     6      -0.000061818      -0.000015167      -0.000005249  C
  1     6       0.000057282      -0.000065240      -0.000060626  C
  1     6       0.000139538       0.000087215      -0.000034580  C
  1     6       0.000078902       0.000126854       0.000026097  C
  1     6       0.000035616      -0.000078301      -0.000005415  C
  1     6       0.000066559      -0.000101407      -0.000004603  C
  1     6       0.000137052      -0.000053341       0.000017178  C
  1     6       0.000071050       0.000067240      -0.000029637  C
  1     6      -0.000030196       0.000109343       0.000017260  C
  1     6       0.000127077      -0.000113543      -0.000002433  C
  1     6       0.000077699      -0.000089182       0.000015412  C
  1     6      -0.000014629      -0.000194552      -0.000018069  C
  1     6       0.000135791       0.000026164      -0.000049984  C
  1     6       0.000165905       0.000054238      -0.000018212  C
  1     6      -0.000070573       0.000078751      -0.000015475  C
  1     6       0.000264008      -0.000058169       0.000001187  C
  1     6       0.000092779      -0.000159508       0.000026366  C
  1     6       0.000103976      -0.000060302      -0.000059375  C
  1     6      -0.000006560       0.000089059      -0.000059308  C
  1     6       0.000019310       0.000052785      -0.000060527  C
  1     6      -0.000097129      -0.000068270      -0.000046434  C
  1     6       0.000154341       0.000081064       0.000005550  C
  1     6       0.000045019      -0.000119336      -0.000029426  C
