              -8128.2760605978
         -0.000176866       0.000000039       0.000000000
          0.000000039      -0.000176907      -0.000000000
          0.000000000      -0.000000000      -0.000028197
         676
  1     6       0.000066645      -0.000040987      -0.000001625  C
  1     6       0.000217640      -0.000141926      -0.000023637  C
  1     6       0.000111198      -0.000081504      -0.000055780  C
  1     6      -0.000036702      -0.000172348       0.000114080  C
  1     6      -0.000058687       0.000053207       0.000002979  C
  1     6       0.000068313      -0.000005250       0.000034364  C
  1     6      -0.000098927      -0.000297000      -0.000040774  C
  1     6       0.000016335      -0.000103543      -0.000034266  C
  1     6       0.000010953      -0.000026199      -0.000083743  C
  1     6      -0.000146483      -0.000021549      -0.000087457  C
  1     6      -0.000105317      -0.000178922       0.000064705  C
  1     6       0.000139731      -0.000053028       0.000007158  C
  1     6       0.000073844      -0.000031430       0.000017954  C
  1     6      -0.000098801       0.000085734       0.000090778  C
  1     6      -0.000059625       0.000064299      -0.000166642  C
  1     6       0.000035072      -0.000022620      -0.000093526  C
  1     6       0.000174187       0.000024954       0.000036473  C
  1     6      -0.000076474       0.000050675      -0.000108682  C
  1     6       0.000007105       0.000156176       0.000102384  C
  1     6      -0.000079711      -0.000159486      -0.000073723  C
  1     6       0.000001970       0.000033770      -0.000068414  C
  1     6      -0.000056136       0.000132330       0.000028699  C
  1     6      -0.000047737       0.000022973      -0.000020444  C
  1     6       0.000166636       0.000009952       0.000072318  C
  1     6       0.000058879       0.000103302      -0.000062625  C
  1     6      -0.000000262       0.000241544       0.000160458  C
  1     6      -0.000005809       0.000185346       0.000100485  C
  1     6       0.000113282       0.000109492       0.000204956  C
  1     6       0.000016041       0.000144208      -0.000029601  C
  1     6       0.000015352       0.000119946      -0.000065260  C
  1     6       0.000172699       0.000061139      -0.000062511  C
  1     6       0.000088785      -0.000078867      -0.000141421  C
  1     6      -0.000085814      -0.000065910      -0.000024102  C
  1     6       0.000096443      -0.000050840       0.000100853  C
  1     6       0.000083494       0.000014612       0.000036802  C
  1     6       0.000102191       0.000142512       0.000061726  C
  1     6      -0.000075414       0.000015036      -0.000002453  C
  1     6       0.000056546      -0.000048262      -0.000100051  C
  1     6       0.000134662      -0.000011184      -0.000006007  C
  1     6      -0.000006245      -0.000253404      -0.000102015  C
  1     6       0.000041633      -0.000097017       0.000001197  C
  1     6      -0.000033494      -0.000307984      -0.000067519  C
  1     6       0.000083005      -0.000130949       0.000056986  C
  1     6      -0.000177011      -0.000049586       0.000006278  C
  1     6      -0.000063946      -0.000028868       0.000070292  C
  1     6       0.000115021      -0.000063325      -0.000050613  C
  1     6      -0.000043220      -0.000069645       0.000140154  C
  1     6      -0.000037685      -0.000116850       0.000030752  C
  1     6      -0.000211902      -0.000132690       0.000096695  C
  1     6      -0.000019384      -0.000104415       0.000092859  C
  1     6      -0.000045897       0.000002076      -0.000047285  C
  1     6      -0.000062039       0.000005435      -0.000030212  C
  1     6       0.000064191      -0.000059755       0.000080221  C
  1     6       0.000133199       0.000010153      -0.000041894  C
  1     6       0.000007596      -0.000197387       0.000171145  C
  1     6       0.000007112      -0.000126317       0.000052044  C
  1     6       0.000033557       0.000020568       0.000324392  C
  1     6       0.000111648       0.000160388      -0.000033277  C
  1     6       0.000070178       0.000038344       0.000061984  C
  1     6      -0.000128073       0.000050148       0.000017750  C
  1     6      -0.000064182       0.000227760      -0.000093007  C
  1     6      -0.000147181      -0.000088756       0.000008717  C
  1     6       0.000083387      -0.000167035       0.000006719  C
  1     6      -0.000051243      -0.000055214      -0.000055837  C
  1     6       0.000143002      -0.000007888       0.000113656  C
  1     6      -0.000082094      -0.000111061       0.000089427  C
  1     6      -0.000107101      -0.000122436       0.000019754  C
  1     6       0.000169984       0.000063966      -0.000028206  C
  1     6       0.000091339       0.000005804       0.000108376  C
  1     6       0.000046200       0.000101047      -0.000034953  C
  1     6      -0.000064152      -0.000055942      -0.000001939  C
  1     6      -0.000019277      -0.000130506      -0.000049099  C
  1     6      -0.000152355      -0.000202471      -0.000062869  C
  1     6      -0.000031870       0.000047934       0.000060245  C
  1     6       0.000022996       0.000037779       0.000033103  C
  1     6       0.000030860      -0.000100492      -0.000107205  C
  1     6      -0.000114703      -0.000097441      -0.000098157  C
  1     6       0.000026883      -0.000034614       0.000002300  C
  1     6       0.000077493      -0.000020652       0.000092793  C
  1     6       0.000080382       0.000039385       0.000107479  C
  1     6       0.000050304       0.000121261       0.000047349  C
  1     6      -0.000073195       0.000061531       0.000021257  C
  1     6      -0.000004512       0.000000873      -0.000032342  C
  1     6      -0.000145101      -0.000061227       0.000106531  C
  1     6       0.000010949      -0.000096754       0.000120101  C
  1     6       0.000032354       0.000059721       0.000182155  C
  1     6       0.000199844       0.000098040       0.000095798  C
  1     6      -0.000013703      -0.000155903       0.000102803  C
  1     6       0.000062441      -0.000146022       0.000095102  C
  1     6       0.000040455      -0.000086508      -0.000058383  C
  1     6       0.000037738      -0.000025061       0.000068714  C
  1     6       0.000080321       0.000016957      -0.000051381  C
  1     6       0.000030229       0.000121184      -0.000083208  C
  1     6       0.000044348       0.000145618       0.000071670  C
  1     6      -0.000074193      -0.000118330       0.000107379  C
  1     6      -0.000023309      -0.000098457       0.000172091  C
  1     6      -0.000036559      -0.000056372       0.000056663  C
  1     6      -0.000007310      -0.000069797       0.000011371  C
  1     6      -0.000121516      -0.000058127      -0.000051871  C
  1     6      -0.000111916      -0.000005180       0.000104154  C
  1     6       0.000024626       0.000012714       0.000041737  C
  1     6      -0.000020120       0.000068714      -0.000091652  C
  1     6       0.000156330       0.000120583      -0.000102600  C
  1     6       0.000048369      -0.000076366      -0.000244415  C
  1     6      -0.000027762      -0.000065286       0.000251150  C
  1     6      -0.000003412      -0.000106951       0.000052708  C
  1     6       0.000089432       0.000017436       0.000048137  C
  1     6      -0.000099881       0.000039432       0.000052896  C
  1     6       0.000024922       0.000161026      -0.000029548  C
  1     6      -0.000013807       0.000230255      -0.000098586  C
  1     6      -0.000034938      -0.000173324       0.000111050  C
  1     6       0.000031106      -0.000099756      -0.000133767  C
  1     6      -0.000009507      -0.000058190       0.000002590  C
  1     6       0.000078053      -0.000053224       0.000047888  C
  1     6       0.000128053      -0.000114325      -0.000167334  C
  1     6       0.000066877      -0.000006923      -0.000113716  C
  1     6       0.000055399      -0.000068605      -0.000010852  C
  1     6      -0.000108964      -0.000005804       0.000091074  C
  1     6       0.000135299      -0.000033229      -0.000043963  C
  1     6       0.000057981      -0.000012460       0.000081093  C
  1     6       0.000013773      -0.000001826       0.000066224  C
  1     6      -0.000032902       0.000002038       0.000058325  C
  1     6      -0.000029248       0.000017529       0.000104124  C
  1     6      -0.000152736       0.000040875       0.000045753  C
  1     6      -0.000115287      -0.000078757       0.000025001  C
  1     6       0.000025408       0.000042073       0.000033659  C
  1     6       0.000135552      -0.000064217       0.000129166  C
  1     6      -0.000021539      -0.000122049       0.000162516  C
  1     6       0.000118158      -0.000116446      -0.000039671  C
  1     6       0.000129370      -0.000102618       0.000110530  C
  1     6       0.000037015      -0.000118944       0.000142127  C
  1     6       0.000133055      -0.000060260       0.000085313  C
  1     6      -0.000026867      -0.000069153      -0.000073021  C
  1     6      -0.000021734      -0.000021667       0.000042763  C
  1     6      -0.000091723      -0.000012588      -0.000143503  C
  1     6       0.000069840       0.000004802       0.000077143  C
  1     6       0.000097866      -0.000063596       0.000141029  C
  1     6      -0.000064338      -0.000068228      -0.000160822  C
  1     6      -0.000069149      -0.000151121      -0.000087863  C
  1     6      -0.000075947      -0.000259715      -0.000025621  C
  1     6      -0.000082335       0.000094449      -0.000071820  C
  1     6       0.000152993       0.000294775      -0.000126320  C
  1     6       0.000129513       0.000010147      -0.000102282  C
  1     6       0.000098063      -0.000130493      -0.000047343  C
  1     6       0.000079989      -0.000067217      -0.000064724  C
  1     6       0.000057674       0.000085410      -0.000015432  C
  1     6      -0.000033642      -0.000078233      -0.000127420  C
  1     6       0.000152916       0.000021130      -0.000103135  C
  1     6       0.000171858       0.000009220       0.000046203  C
  1     6       0.000003790       0.000010336      -0.000032358  C
  1     6      -0.000072457      -0.000082566       0.000019918  C
  1     6       0.000031357       0.000028977      -0.000066920  C
  1     6       0.000153439      -0.000080642      -0.000068881  C
  1     6       0.000033510       0.000000321       0.000020437  C
  1     6       0.000019682       0.000025978      -0.000076427  C
  1     6      -0.000121026       0.000028104      -0.000063130  C
  1     6      -0.000069114       0.000015923       0.000142219  C
  1     6      -0.000068111       0.000075883       0.000063747  C
  1     6       0.000125911       0.000008889       0.000118475  C
  1     6       0.000098319      -0.000270104       0.000065810  C
  1     6       0.000006653      -0.000201598       0.000014542  C
  1     6      -0.000140966      -0.000154396      -0.000036881  C
  1     6       0.000092269      -0.000081252      -0.000010436  C
  1     6       0.000107276       0.000130732       0.000046213  C
  1     6      -0.000055994       0.000093245      -0.000096366  C
  1     6       0.000025355       0.000063703       0.000105813  C
  1     6      -0.000065829      -0.000114219      -0.000015213  C
  1     6       0.000124742      -0.000066343       0.000061873  C
  1     6      -0.000035994      -0.000214643      -0.000010518  C
  1     6       0.000006169      -0.000059536      -0.000149578  C
  1     6      -0.000052773      -0.000115342      -0.000053603  C
  1     6       0.000060242      -0.000087357      -0.000113911  C
  1     6      -0.000035093       0.000024503      -0.000020315  C
  1     6      -0.000018123       0.000014894       0.000127025  C
  1     6      -0.000161334       0.000010128       0.000091414  C
  1     6       0.000201560       0.000015583      -0.000230730  C
  1     6      -0.000065453      -0.000014856      -0.000075515  C
  1     6      -0.000188994      -0.000078286       0.000056125  C
  1     6       0.000016184       0.000077259      -0.000007517  C
  1     6       0.000041019      -0.000045469       0.000078650  C
  1     6      -0.000057846      -0.000150669      -0.000128551  C
  1     6       0.000054824      -0.000082848       0.000013616  C
  1     6      -0.000009237       0.000062916      -0.000121105  C
  1     6       0.000046657       0.000054612       0.000171608  C
  1     6      -0.000086820       0.000052149      -0.000071669  C
  1     6       0.000013294       0.000101013      -0.000098590  C
  1     6       0.000032151       0.000040606      -0.000137747  C
  1     6      -0.000022111      -0.000019270       0.000075319  C
  1     6       0.000053519       0.000038525      -0.000149084  C
  1     6      -0.000125928      -0.000130918      -0.000115566  C
  1     6       0.000000031      -0.000060918       0.000072156  C
  1     6      -0.000122916       0.000036964      -0.000173393  C
  1     6      -0.000095536       0.000122704       0.000023096  C
  1     6      -0.000048868       0.000000395      -0.000010025  C
  1     6      -0.000001388      -0.000010979      -0.000024202  C
  1     6      -0.000107134       0.000157755      -0.000022591  C
  1     6      -0.000002543      -0.000083135      -0.000076273  C
  1     6       0.000070801      -0.000034207      -0.000093532  C
  1     6       0.000010804       0.000052847      -0.000108057  C
  1     6      -0.000221335       0.000060114      -0.000089296  C
  1     6      -0.000034420       0.000100317      -0.000023113  C
  1     6       0.000043506      -0.000003863      -0.000171560  C
  1     6      -0.000025085       0.000062314      -0.000078214  C
  1     6      -0.000128301      -0.000042633      -0.000089722  C
  1     6      -0.000051618      -0.000132611      -0.000032894  C
  1     6       0.000131036      -0.000145652      -0.000132797  C
  1     6      -0.000200153      -0.000054209       0.000010705  C
  1     6      -0.000131584       0.000127640      -0.000035667  C
  1     6       0.000070625       0.000085462      -0.000041774  C
  1     6       0.000035992       0.000002634      -0.000004063  C
  1     6       0.000045782       0.000126459      -0.000027838  C
  1     6      -0.000075314      -0.000117323      -0.000148032  C
  1     6       0.000047220       0.000007557       0.000022796  C
  1     6      -0.000086715      -0.000152340      -0.000121158  C
  1     6      -0.000084269       0.000020925       0.000123166  C
  1     6      -0.000083205       0.000048777       0.000050588  C
  1     6      -0.000044304       0.000060268       0.000012933  C
  1     6       0.000115092       0.000016859       0.000083748  C
  1     6      -0.000155215      -0.000043437      -0.000028362  C
  1     6       0.000071619      -0.000106164       0.000051932  C
  1     6       0.000021710       0.000040591      -0.000057723  C
  1     6       0.000005299      -0.000118137      -0.000097778  C
  1     6      -0.000098262       0.000032426      -0.000055105  C
  1     6       0.000134927       0.000272714       0.000011968  C
  1     6       0.000034937       0.000246076      -0.000000811  C
  1     6       0.000037077      -0.000004282       0.000081024  C
  1     6      -0.000010142       0.000006117       0.000016188  C
  1     6       0.000134138       0.000109798       0.000166561  C
  1     6      -0.000105473       0.000145672       0.000001930  C
  1     6       0.000032021      -0.000041011       0.000027069  C
  1     6      -0.000034715       0.000197984      -0.000099442  C
  1     6      -0.000067469       0.000217383      -0.000018544  C
  1     6       0.000007234       0.000080944      -0.000145405  C
  1     6      -0.000050425       0.000180840      -0.000063433  C
  1     6       0.000049867       0.000104421      -0.000100763  C
  1     6      -0.000041949      -0.000055539       0.000027448  C
  1     6      -0.000102635       0.000096874      -0.000070258  C
  1     6       0.000038847       0.000205904      -0.000009895  C
  1     6       0.000023709       0.000063951       0.000044168  C
  1     6      -0.000027306      -0.000022402      -0.000060411  C
  1     6       0.000046644       0.000056906       0.000050555  C
  1     6      -0.000052102      -0.000012610      -0.000125859  C
  1     6       0.000016100      -0.000155508      -0.000131812  C
  1     6       0.000018120      -0.000086220      -0.000046148  C
  1     6      -0.000053749      -0.000039349      -0.000023354  C
  1     6      -0.000017054       0.000059244      -0.000049353  C
  1     6      -0.000048938      -0.000039383      -0.000035338  C
  1     6      -0.000141462       0.000081264      -0.000120607  C
  1     6      -0.000038847       0.000027432      -0.000045612  C
  1     6       0.000065643       0.000060601      -0.000088517  C
  1     6       0.000097787       0.000059488       0.000128132  C
  1     6      -0.000081048      -0.000044306       0.000104822  C
  1     6       0.000107124      -0.000102482      -0.000013619  C
  1     6      -0.000146541      -0.000132130       0.000132816  C
  1     6      -0.000047895      -0.000136452       0.000041008  C
  1     6      -0.000062445      -0.000145324      -0.000001255  C
  1     6       0.000138137       0.000102339      -0.000031238  C
  1     6      -0.000123017       0.000051792      -0.000147076  C
  1     6      -0.000054726       0.000115607       0.000070493  C
  1     6       0.000068369       0.000118123      -0.000039519  C
  1     6       0.000095192       0.000076679       0.000130905  C
  1     6       0.000084417      -0.000134110      -0.000066697  C
  1     6      -0.000050863       0.000031716       0.000066544  C
  1     6      -0.000008034       0.000009068       0.000081929  C
  1     6      -0.000092656      -0.000043814       0.000051984  C
  1     6       0.000088196      -0.000075642       0.000024039  C
  1     6      -0.000063494       0.000082215      -0.000012573  C
  1     6       0.000005339       0.000014725      -0.000077121  C
  1     6      -0.000038297      -0.000021631      -0.000027801  C
  1     6       0.000052533      -0.000053784      -0.000051052  C
  1     6      -0.000123941      -0.000008308      -0.000078466  C
  1     6       0.000011177       0.000136470       0.000059496  C
  1     6       0.000010475       0.000194966      -0.000067453  C
  1     6       0.000151459       0.000060622       0.000212552  C
  1     6      -0.000018545       0.000057557      -0.000038580  C
  1     6      -0.000072824      -0.000018724       0.000057141  C
  1     6       0.000076818       0.000066000      -0.000180713  C
  1     6       0.000055443      -0.000209388      -0.000214320  C
  1     6       0.000112174      -0.000039310      -0.000047434  C
  1     6      -0.000040704       0.000254517      -0.000061032  C
  1     6      -0.000075709       0.000210405      -0.000060395  C
  1     6      -0.000060206       0.000059911       0.000048888  C
  1     6       0.000013986      -0.000000905      -0.000039144  C
  1     6       0.000007788      -0.000001314      -0.000089055  C
  1     6       0.000004678      -0.000084267       0.000051224  C
  1     6       0.000086447       0.000142947      -0.000091533  C
  1     6       0.000076910      -0.000015043       0.000084993  C
  1     6      -0.000148464       0.000020181       0.000003404  C
  1     6       0.000012687       0.000022717      -0.000220293  C
  1     6       0.000013667       0.000143424       0.000088614  C
  1     6      -0.000024522       0.000069995      -0.000092420  C
  1     6       0.000024856       0.000071257       0.000057992  C
  1     6       0.000023932       0.000017115      -0.000030203  C
  1     6      -0.000023641       0.000019088      -0.000014561  C
  1     6      -0.000044250      -0.000058528       0.000021181  C
  1     6      -0.000133902       0.000030284       0.000083478  C
  1     6      -0.000016343       0.000051332       0.000112678  C
  1     6      -0.000230538      -0.000040930       0.000022595  C
  1     6      -0.000031895       0.000045255       0.000015994  C
  1     6       0.000077663      -0.000077948      -0.000054329  C
  1     6       0.000223940      -0.000024660      -0.000008347  C
  1     6       0.000134776      -0.000043259      -0.000151578  C
  1     6       0.000022722      -0.000032217       0.000026295  C
  1     6       0.000086797       0.000046990       0.000027716  C
  1     6      -0.000091424      -0.000085750       0.000176574  C
  1     6      -0.000049722      -0.000009902      -0.000089511  C
  1     6      -0.000064439      -0.000124107       0.000184058  C
  1     6      -0.000031731       0.000208477      -0.000144492  C
  1     6      -0.000113707       0.000150735      -0.000134359  C
  1     6      -0.000029768      -0.000016594      -0.000101520  C
  1     6      -0.000172070      -0.000130643      -0.000017482  C
  1     6      -0.000052654      -0.000017026      -0.000020635  C
  1     6      -0.000016299       0.000115610      -0.000101672  C
  1     6       0.000035047      -0.000094606      -0.000072798  C
  1     6       0.000061592       0.000117001      -0.000242505  C
  1     6       0.000097462       0.000076547      -0.000029468  C
  1     6       0.000020413      -0.000027696      -0.000002997  C
  1     6       0.000018579      -0.000197127      -0.000032992  C
  1     6      -0.000006406       0.000037885      -0.000043994  C
  1     6      -0.000058138       0.000248485      -0.000034643  C
  1     6      -0.000180828       0.000262837      -0.000211609  C
  1     6      -0.000029977       0.000260003      -0.000010660  C
  1     6       0.000022009       0.000068333      -0.000195884  C
  1     6       0.000005299       0.000050010       0.000063008  C
  1     6      -0.000023205       0.000055079      -0.000032149  C
  1     6       0.000071270       0.000137933       0.000111754  C
  1     6       0.000099475      -0.000022939      -0.000001932  C
  1     6       0.000004761      -0.000095610      -0.000161134  C
  1     6      -0.000045944       0.000127142      -0.000050883  C
  1     6      -0.000011760       0.000144882      -0.000028916  C
  1     6       0.000041099       0.000131315      -0.000002137  C
  1     6      -0.000136777       0.000180480      -0.000018503  C
  1     6      -0.000091090       0.000066098      -0.000082205  C
  1     6       0.000055611       0.000077318       0.000049271  C
  1     6      -0.000056320      -0.000044469      -0.000024845  C
  1     6      -0.000038946       0.000155133      -0.000054992  C
  1     6      -0.000078809      -0.000003864      -0.000042550  C
  1     6      -0.000020180       0.000111591      -0.000047104  C
  1     6      -0.000026492      -0.000106028      -0.000014167  C
  1     6      -0.000023690      -0.000152649       0.000005522  C
  1     6      -0.000113203      -0.000113779       0.000008608  C
  1     6      -0.000039852      -0.000185136       0.000024049  C
  1     6      -0.000141926       0.000013651      -0.000121362  C
  1     6       0.000058834      -0.000131685       0.000007574  C
  1     6      -0.000092312       0.000085496      -0.000198729  C
  1     6       0.000065128      -0.000033463       0.000214410  C
  1     6      -0.000014090      -0.000081800       0.000186347  C
  1     6      -0.000025849      -0.000027774       0.000183454  C
  1     6      -0.000044172       0.000007175      -0.000151114  C
  1     6       0.000009460       0.000046546       0.000057286  C
  1     6       0.000030933       0.000083530      -0.000002215  C
  1     6       0.000042878       0.000108361       0.000054305  C
  1     6       0.000088483       0.000044520       0.000178544  C
  1     6       0.000033248      -0.000007884       0.000035345  C
  1     6      -0.000051305       0.000004329       0.000054953  C
  1     6      -0.000027924       0.000042756      -0.000024110  C
  1     6      -0.000027076       0.000174174      -0.000114528  C
  1     6      -0.000130803       0.000112625      -0.000094410  C
  1     6       0.000145634       0.000052497       0.000124494  C
  1     6      -0.000092518      -0.000029922       0.000152063  C
  1     6       0.000042063      -0.000017929       0.000000035  C
  1     6       0.000140286      -0.000089344       0.000094079  C
  1     6       0.000035309      -0.000103823       0.000006547  C
  1     6       0.000030397       0.000102301      -0.000066704  C
  1     6       0.000020575       0.000153188      -0.000127482  C
  1     6      -0.000095598       0.000119407      -0.000009799  C
  1     6       0.000046786       0.000083755       0.000009517  C
  1     6      -0.000004761      -0.000094735       0.000235930  C
  1     6      -0.000106649      -0.000158961       0.000062266  C
  1     6      -0.000055932      -0.000026902       0.000110836  C
  1     6       0.000020671       0.000014787       0.000119203  C
  1     6      -0.000014031      -0.000091953       0.000032068  C
  1     6       0.000105450       0.000020076      -0.000004384  C
  1     6      -0.000057366       0.000012566       0.000095138  C
  1     6       0.000070475       0.000015915       0.000100215  C
  1     6       0.000050154      -0.000211367      -0.000125599  C
  1     6       0.000151129      -0.000036957      -0.000132818  C
  1     6       0.000075343      -0.000093604      -0.000113503  C
  1     6      -0.000079304      -0.000084610      -0.000223531  C
  1     6       0.000016441      -0.000094602       0.000037384  C
  1     6      -0.000088592      -0.000013167       0.000059195  C
  1     6       0.000107401       0.000017313       0.000006731  C
  1     6       0.000012012       0.000002135      -0.000016383  C
  1     6      -0.000060767      -0.000142283      -0.000007624  C
  1     6       0.000024323      -0.000087755      -0.000103289  C
  1     6      -0.000033469      -0.000001963       0.000037166  C
  1     6       0.000061725       0.000013665      -0.000131290  C
  1     6      -0.000065337       0.000018290      -0.000219613  C
  1     6       0.000008480      -0.000123213      -0.000027682  C
  1     6       0.000042088       0.000076986       0.000095300  C
  1     6      -0.000021879      -0.000026836       0.000038314  C
  1     6       0.000074010      -0.000096442      -0.000003937  C
  1     6       0.000031751      -0.000016725       0.000076547  C
  1     6       0.000075882       0.000065793       0.000042551  C
  1     6      -0.000146637      -0.000003878       0.000112499  C
  1     6      -0.000140431       0.000012961       0.000071731  C
  1     6      -0.000102158       0.000033357       0.000087714  C
  1     6      -0.000003296      -0.000000615       0.000023989  C
  1     6      -0.000114870       0.000081327       0.000128187  C
  1     6      -0.000000415       0.000000639      -0.000017858  C
  1     6      -0.000008736       0.000040561       0.000078784  C
  1     6      -0.000019461       0.000006969       0.000004052  C
  1     6      -0.000040006       0.000092427       0.000168733  C
  1     6       0.000105622       0.000129192       0.000188321  C
  1     6       0.000023093       0.000043803       0.000035565  C
  1     6       0.000098100      -0.000018879      -0.000110343  C
  1     6       0.000047519      -0.000059986       0.000017179  C
  1     6      -0.000062539      -0.000031589      -0.000077234  C
  1     6       0.000005049      -0.000054816      -0.000060209  C
  1     6       0.000088092      -0.000045535      -0.000087271  C
  1     6       0.000061254      -0.000046162      -0.000085908  C
  1     6      -0.000003181       0.000001916      -0.000093951  C
  1     6      -0.000037501      -0.000076099      -0.000034339  C
  1     6       0.000076694      -0.000148080      -0.000182064  C
  1     6       0.000025642      -0.000094611      -0.000258430  C
  1     6      -0.000102631      -0.000023729       0.000008368  C
  1     6      -0.000021748      -0.000112704       0.000147228  C
  1     6      -0.000060478       0.000001882       0.000056949  C
  1     6      -0.000076092      -0.000069394       0.000162065  C
  1     6      -0.000186061      -0.000028447      -0.000111766  C
  1     6      -0.000127188      -0.000074822       0.000004129  C
  1     6      -0.000002882       0.000012653      -0.000002757  C
  1     6       0.000059783      -0.000072748      -0.000004755  C
  1     6      -0.000064620       0.000066765      -0.000111751  C
  1     6       0.000080551       0.000012114      -0.000004003  C
  1     6      -0.000028952       0.000013370      -0.000006930  C
  1     6      -0.000073952       0.000168941      -0.000094366  C
  1     6       0.000147007       0.000133101       0.000064691  C
  1     6      -0.000135014       0.000070733      -0.000031923  C
  1     6       0.000079009      -0.000142769      -0.000103715  C
  1     6       0.000087984      -0.000076150      -0.000135170  C
  1     6       0.000076055      -0.000140788      -0.000123596  C
  1     6      -0.000022721      -0.000038021      -0.000061998  C
  1     6       0.000023811       0.000110464       0.000062898  C
  1     6      -0.000015080       0.000001907       0.000081487  C
  1     6       0.000016274      -0.000021459       0.000032368  C
  1     6       0.000020130       0.000028984       0.000068792  C
  1     6      -0.000174177       0.000001252       0.000124673  C
  1     6      -0.000112591       0.000032497       0.000053001  C
  1     6      -0.000168107       0.000028945       0.000072099  C
  1     6       0.000014986       0.000018889       0.000055229  C
  1     6      -0.000219630      -0.000052875      -0.000078912  C
  1     6       0.000065302      -0.000005535       0.000054640  C
  1     6      -0.000015900      -0.000070529       0.000019012  C
  1     6       0.000127498       0.000032824       0.000027237  C
  1     6      -0.000016969       0.000022934      -0.000029591  C
  1     6       0.000147017       0.000018847       0.000098921  C
  1     6      -0.000033691      -0.000007546      -0.000033666  C
  1     6       0.000075822      -0.000040577       0.000094414  C
  1     6       0.000007624      -0.000065005       0.000022529  C
  1     6       0.000002525      -0.000002538       0.000105729  C
  1     6      -0.000046639      -0.000137441      -0.000116916  C
  1     6      -0.000004703      -0.000058772      -0.000077825  C
  1     6       0.000016194      -0.000109372      -0.000047361  C
  1     6      -0.000002314       0.000009936       0.000025063  C
  1     6      -0.000127801      -0.000067522      -0.000151002  C
  1     6      -0.000059264      -0.000089544      -0.000127653  C
  1     6       0.000009619      -0.000052360      -0.000099193  C
  1     6      -0.000039655       0.000034547      -0.000028376  C
  1     6       0.000013386      -0.000039255      -0.000080627  C
  1     6       0.000065274      -0.000040188       0.000014066  C
  1     6      -0.000002735      -0.000203695       0.000070373  C
  1     6      -0.000103419      -0.000099333      -0.000013523  C
  1     6       0.000001985      -0.000024781       0.000098859  C
  1     6      -0.000046083      -0.000063131      -0.000174102  C
  1     6       0.000045456      -0.000037741       0.000066635  C
  1     6      -0.000098345      -0.000004022       0.000102817  C
  1     6      -0.000015208      -0.000077650       0.000058247  C
  1     6      -0.000053252      -0.000114171      -0.000121288  C
  1     6       0.000007251      -0.000096468      -0.000060492  C
  1     6       0.000027872       0.000128168       0.000155727  C
  1     6      -0.000075639       0.000008643       0.000072187  C
  1     6      -0.000091055       0.000033149       0.000008275  C
  1     6      -0.000082141       0.000056249      -0.000012627  C
  1     6       0.000198443      -0.000034130      -0.000197532  C
  1     6       0.000054472      -0.000065422      -0.000012751  C
  1     6      -0.000053613      -0.000066331      -0.000069873  C
  1     6      -0.000017789       0.000054953       0.000071927  C
  1     6      -0.000116158      -0.000048347       0.000137203  C
  1     6       0.000068721      -0.000021044      -0.000013346  C
  1     6      -0.000090948       0.000109304      -0.000100947  C
  1     6       0.000077870       0.000100010       0.000052977  C
  1     6       0.000049093      -0.000069765      -0.000012218  C
  1     6      -0.000048521      -0.000086348       0.000087693  C
  1     6       0.000018129       0.000027953       0.000088365  C
  1     6      -0.000002798      -0.000069064       0.000130145  C
  1     6       0.000050538      -0.000042401      -0.000062525  C
  1     6      -0.000107416       0.000041302       0.000109407  C
  1     6      -0.000062706       0.000032414       0.000044930  C
  1     6      -0.000006389      -0.000004199      -0.000051512  C
  1     6       0.000018370       0.000040898       0.000092345  C
  1     6      -0.000044783       0.000046630      -0.000043775  C
  1     6      -0.000163290      -0.000000473       0.000022857  C
  1     6       0.000032639       0.000011971       0.000176343  C
  1     6      -0.000055867       0.000022053       0.000004440  C
  1     6       0.000057091       0.000084484      -0.000081663  C
  1     6       0.000100895       0.000009580      -0.000042302  C
  1     6       0.000041394       0.000039231      -0.000072767  C
  1     6      -0.000026373      -0.000018205       0.000001164  C
  1     6       0.000153318      -0.000027721      -0.000077467  C
  1     6       0.000039538      -0.000087122       0.000021121  C
  1     6       0.000045461      -0.000043925      -0.000095680  C
  1     6      -0.000053828      -0.000024862      -0.000064069  C
  1     6       0.000041989       0.000010694       0.000178539  C
  1     6       0.000122084      -0.000163171       0.000041344  C
  1     6      -0.000007941      -0.000075325       0.000010766  C
  1     6      -0.000055730      -0.000156574       0.000149989  C
  1     6      -0.000024535      -0.000020087       0.000129005  C
  1     6      -0.000051240       0.000004487       0.000033024  C
  1     6       0.000023185      -0.000026392       0.000034433  C
  1     6       0.000082693      -0.000001980      -0.000051089  C
  1     6       0.000067858      -0.000103782       0.000102458  C
  1     6      -0.000080024      -0.000148671       0.000062735  C
  1     6      -0.000068321      -0.000020802       0.000029374  C
  1     6      -0.000082270       0.000003428       0.000289779  C
  1     6      -0.000042583      -0.000026045      -0.000020778  C
  1     6       0.000102585       0.000130835      -0.000011340  C
  1     6       0.000180997       0.000011117      -0.000024231  C
  1     6      -0.000005197       0.000013094       0.000048135  C
  1     6       0.000148644       0.000026811       0.000041881  C
  1     6       0.000089634       0.000085016       0.000218101  C
  1     6       0.000106842       0.000009499       0.000097715  C
  1     6       0.000041163       0.000134887      -0.000027392  C
  1     6      -0.000111958       0.000075657       0.000101615  C
  1     6      -0.000114411       0.000110597      -0.000010384  C
  1     6      -0.000029973      -0.000072793      -0.000177671  C
  1     6      -0.000127585       0.000164831       0.000088225  C
  1     6      -0.000024601       0.000035828      -0.000138793  C
  1     6      -0.000023873       0.000028699      -0.000011093  C
  1     6      -0.000103952       0.000132132      -0.000027466  C
  1     6       0.000037293       0.000122639       0.000006878  C
  1     6       0.000110449       0.000040272       0.000066698  C
  1     6       0.000044831       0.000055614       0.000139104  C
  1     6       0.000224686      -0.000076372       0.000167425  C
  1     6      -0.000102535      -0.000056666       0.000052190  C
  1     6       0.000002955      -0.000082161       0.000177000  C
  1     6      -0.000040619       0.000072148       0.000167306  C
  1     6       0.000078907      -0.000047248      -0.000086345  C
  1     6      -0.000135546      -0.000006409      -0.000002243  C
  1     6      -0.000056479      -0.000019366       0.000043213  C
  1     6      -0.000023076       0.000051438       0.000027884  C
  1     6       0.000004797      -0.000053798      -0.000007721  C
  1     6       0.000065988      -0.000080812       0.000118006  C
  1     6       0.000078105       0.000014500      -0.000066933  C
  1     6       0.000032317      -0.000036754      -0.000076017  C
  1     6       0.000050881      -0.000052740      -0.000080696  C
  1     6      -0.000010867      -0.000048050      -0.000262774  C
  1     6       0.000008136      -0.000075940      -0.000138151  C
  1     6      -0.000121757       0.000032628      -0.000049307  C
  1     6       0.000132933       0.000011718      -0.000174309  C
  1     6      -0.000033477      -0.000045917      -0.000026727  C
  1     6       0.000117668       0.000142688       0.000040551  C
  1     6      -0.000051311       0.000072510      -0.000045548  C
  1     6       0.000022000       0.000105617       0.000086804  C
  1     6      -0.000093986      -0.000054633      -0.000006705  C
  1     6       0.000097082      -0.000036412      -0.000000262  C
  1     6       0.000066984      -0.000018673       0.000096669  C
  1     6       0.000104970      -0.000139240       0.000081970  C
  1     6      -0.000010629      -0.000083693       0.000020100  C
  1     6      -0.000081598       0.000051655      -0.000047656  C
  1     6      -0.000011415       0.000063630       0.000085455  C
  1     6      -0.000024253       0.000132145      -0.000004175  C
  1     6       0.000154432       0.000197931       0.000104448  C
  1     6      -0.000004853       0.000074859       0.000106713  C
  1     6       0.000161230       0.000076186       0.000175054  C
  1     6       0.000026066       0.000017831       0.000076329  C
  1     6       0.000000517       0.000051326      -0.000010081  C
  1     6       0.000137973       0.000176510      -0.000093935  C
  1     6      -0.000056534       0.000177995       0.000075403  C
  1     6      -0.000108751       0.000088727       0.000029463  C
  1     6      -0.000031467       0.000051770      -0.000093160  C
  1     6       0.000044650       0.000092406      -0.000028874  C
  1     6      -0.000030877       0.000079166       0.000007430  C
  1     6       0.000056033       0.000010905      -0.000085780  C
  1     6      -0.000008934      -0.000001892      -0.000015834  C
  1     6      -0.000196710      -0.000005898       0.000017202  C
  1     6      -0.000048126      -0.000094473      -0.000039460  C
  1     6       0.000105538      -0.000015441      -0.000038875  C
  1     6       0.000118978      -0.000090547       0.000156727  C
  1     6      -0.000041737      -0.000016758       0.000070536  C
  1     6       0.000065340      -0.000023889      -0.000045706  C
  1     6       0.000006562      -0.000109102       0.000000772  C
  1     6       0.000005376      -0.000089484       0.000038684  C
  1     6      -0.000050358      -0.000017535      -0.000034582  C
  1     6      -0.000006771      -0.000022088       0.000175299  C
  1     6       0.000045140       0.000069624      -0.000168950  C
  1     6       0.000034347       0.000008221      -0.000151690  C
  1     6       0.000008472      -0.000047975      -0.000097156  C
  1     6       0.000194173      -0.000034032      -0.000032357  C
  1     6       0.000009897      -0.000011759      -0.000070224  C
  1     6       0.000011265       0.000013414      -0.000034700  C
  1     6       0.000073373       0.000042022      -0.000071905  C
  1     6      -0.000031913      -0.000008881      -0.000146913  C
  1     6      -0.000073127       0.000041920      -0.000083588  C
  1     6       0.000064171       0.000015213       0.000028881  C
  1     6       0.000026041       0.000015635      -0.000102778  C
  1     6      -0.000068989       0.000008332       0.000007686  C
  1     6      -0.000120345       0.000047494      -0.000108509  C
  1     6      -0.000028999      -0.000014317       0.000050084  C
  1     6      -0.000014666       0.000038709       0.000008025  C
  1     6       0.000046265      -0.000094327       0.000125180  C
  1     6       0.000036433       0.000038702       0.000066875  C
  1     6      -0.000004424      -0.000141529       0.000159634  C
  1     6       0.000104732      -0.000037230       0.000058021  C
  1     6       0.000018249      -0.000023115       0.000140386  C
  1     6       0.000068859       0.000088354      -0.000040420  C
  1     6       0.000040802       0.000016906       0.000133213  C
  1     6       0.000023359       0.000149947      -0.000006159  C
  1     6      -0.000008359      -0.000024313      -0.000042150  C
  1     6       0.000067298       0.000032531      -0.000228486  C
  1     6       0.000050785       0.000132949       0.000016097  C
  1     6      -0.000060349      -0.000013067      -0.000047157  C
  1     6      -0.000136954       0.000067425      -0.000080667  C
  1     6      -0.000003514      -0.000066073       0.000115980  C
  1     6       0.000079428       0.000129773       0.000002144  C
  1     6       0.000112585       0.000116924      -0.000026381  C
  1     6       0.000036852       0.000109008       0.000066432  C
  1     6       0.000196107      -0.000013301      -0.000024935  C
  1     6      -0.000105577       0.000067969       0.000057137  C
  1     6      -0.000023408      -0.000043855       0.000016888  C
  1     6      -0.000086195       0.000017765      -0.000025128  C
  1     6       0.000056909       0.000066255       0.000033683  C
  1     6      -0.000153603       0.000114205       0.000060344  C
  1     6      -0.000141518       0.000149617       0.000128803  C
  1     6      -0.000009712       0.000035457       0.000140805  C
  1     6       0.000013666      -0.000043563       0.000225856  C
  1     6      -0.000034372       0.000008013       0.000158167  C
  1     6       0.000026714      -0.000002181      -0.000055634  C
  1     6       0.000047321       0.000022677      -0.000066864  C
  1     6      -0.000046503      -0.000013236      -0.000178644  C
  1     6       0.000040254      -0.000042598      -0.000066828  C
  1     6       0.000053033       0.000063311      -0.000190743  C
  1     6      -0.000049647      -0.000062400      -0.000018003  C
  1     6       0.000113585       0.000021068       0.000068058  C
  1     6      -0.000051108      -0.000112607       0.000032481  C
  1     6       0.000195506      -0.000133908      -0.000044969  C
  1     6      -0.000063126       0.000006618      -0.000109923  C
  1     6       0.000035723       0.000103050       0.000060105  C
  1     6      -0.000098111       0.000024182       0.000116711  C
  1     6      -0.000012912       0.000091560      -0.000170195  C
  1     6      -0.000000595       0.000132079      -0.000023223  C
  1     6       0.000025923       0.000002159      -0.000068861  C
  1     6      -0.000011671       0.000009331      -0.000023082  C
  1     6      -0.000067196       0.000020159      -0.000021468  C
  1     6      -0.000208346       0.000126147       0.000142670  C
  1     6      -0.000035699       0.000072845      -0.000021800  C
  1     6       0.000099153       0.000026374       0.000158514  C
  1     6      -0.000057109      -0.000008752       0.000101631  C
  1     6      -0.000017030      -0.000034399       0.000069802  C
  1     6      -0.000057182       0.000017575       0.000019858  C
  1     6       0.000157525      -0.000071759       0.000022855  C
  1     6      -0.000137224      -0.000024449      -0.000103623  C
  1     6       0.000005246       0.000121621      -0.000082018  C
  1     6       0.000007435       0.000132089      -0.000115111  C
  1     6       0.000032135       0.000047199       0.000092658  C
  1     6       0.000021791      -0.000030065       0.000071882  C
  1     6       0.000101995      -0.000075044       0.000240158  C
  1     6       0.000035109      -0.000022154      -0.000024247  C
  1     6      -0.000000078       0.000072624       0.000313325  C
  1     6      -0.000071463       0.000087976       0.000093454  C
  1     6       0.000057794       0.000020959       0.000157204  C
  1     6       0.000107774       0.000033726      -0.000192523  C
  1     6       0.000071963       0.000093739      -0.000010080  C
  1     6       0.000012657      -0.000047175      -0.000104052  C
  1     6       0.000085419      -0.000003862      -0.000031077  C
  1     6      -0.000131104       0.000124992       0.000059706  C
  1     6      -0.000008610       0.000061321       0.000183568  C
  1     6      -0.000057085       0.000036582       0.000098320  C
  1     6       0.000011983      -0.000032357       0.000155125  C
  1     6      -0.000071015      -0.000015665       0.000001808  C
  1     6      -0.000039425      -0.000025302       0.000013586  C
  1     6      -0.000028057       0.000016784      -0.000002253  C
  1     6       0.000073078      -0.000111657      -0.000139826  C
  1     6      -0.000073438       0.000039978      -0.000176494  C
  1     6      -0.000124207       0.000020429      -0.000189209  C
  1     6       0.000045007       0.000018149       0.000017518  C
