              -8128.2760783906
         -0.000176951      -0.000000003      -0.000000000
         -0.000000003      -0.000176948       0.000000000
         -0.000000000       0.000000000      -0.000027804
         676
  1     6       0.000103985       0.000192334       0.000005618  C
  1     6       0.000008450       0.000056642      -0.000013857  C
  1     6      -0.000109873       0.000021288       0.000011475  C
  1     6       0.000012332      -0.000025245      -0.000037296  C
  1     6      -0.000046048      -0.000173611      -0.000013527  C
  1     6      -0.000066002       0.000202200       0.000068718  C
  1     6       0.000039192       0.000356857      -0.000018537  C
  1     6      -0.000219061       0.000024931       0.000005797  C
  1     6      -0.000134647       0.000086563       0.000072314  C
  1     6       0.000008297       0.000102282       0.000001882  C
  1     6      -0.000043853       0.000166699       0.000040237  C
  1     6      -0.000193280       0.000022077       0.000029042  C
  1     6       0.000121071       0.000015902       0.000035616  C
  1     6       0.000208281       0.000102932       0.000051222  C
  1     6      -0.000018552      -0.000111759       0.000072662  C
  1     6       0.000160266       0.000020398       0.000031037  C
  1     6      -0.000062845       0.000172538       0.000036285  C
  1     6      -0.000181375       0.000170049      -0.000021257  C
  1     6      -0.000109313       0.000235415       0.000053722  C
  1     6       0.000239276       0.000178503       0.000095061  C
  1     6       0.000154964      -0.000015318       0.000005319  C
  1     6      -0.000130749      -0.000086228       0.000036765  C
  1     6      -0.000164719      -0.000134496      -0.000008813  C
  1     6       0.000245927      -0.000199929      -0.000018826  C
  1     6       0.000101351      -0.000224265       0.000018640  C
  1     6      -0.000208981       0.000087877      -0.000046222  C
  1     6      -0.000078489       0.000308063      -0.000098139  C
  1     6      -0.000032779       0.000012849       0.000009896  C
  1     6       0.000132199       0.000261388       0.000019155  C
  1     6      -0.000065371       0.000043016      -0.000013293  C
  1     6      -0.000054260      -0.000198381       0.000077239  C
  1     6      -0.000063972      -0.000223326       0.000050823  C
  1     6       0.000014310      -0.000210824       0.000127399  C
  1     6       0.000087270       0.000067653      -0.000005843  C
  1     6      -0.000059319       0.000185148       0.000021557  C
  1     6       0.000161683       0.000184503       0.000127725  C
  1     6      -0.000105786       0.000022299       0.000002333  C
  1     6      -0.000026593      -0.000115449       0.000016068  C
  1     6       0.000173348       0.000027760       0.000007467  C
  1     6      -0.000143445      -0.000112579       0.000005025  C
  1     6      -0.000130660      -0.000132921      -0.000060080  C
  1     6       0.000228406       0.000093176      -0.000036611  C
  1     6       0.000160397       0.000027767      -0.000059426  C
  1     6      -0.000067521      -0.000171751      -0.000020689  C
  1     6      -0.000037741       0.000069611       0.000058774  C
  1     6       0.000062811      -0.000204966      -0.000019737  C
  1     6       0.000159414      -0.000031857       0.000069270  C
  1     6      -0.000032905       0.000035084       0.000009069  C
  1     6       0.000034055       0.000117904      -0.000006332  C
  1     6      -0.000144725       0.000049505      -0.000006066  C
  1     6       0.000012961      -0.000144490      -0.000045730  C
  1     6       0.000023061      -0.000033068       0.000012186  C
  1     6       0.000046964      -0.000162366      -0.000030969  C
  1     6       0.000039100       0.000095564       0.000082586  C
  1     6      -0.000098587      -0.000101877       0.000035169  C
  1     6       0.000116797      -0.000031519       0.000021063  C
  1     6      -0.000040282       0.000033481      -0.000193009  C
  1     6      -0.000125388       0.000128771      -0.000005801  C
  1     6      -0.000134327      -0.000046573       0.000040588  C
  1     6      -0.000082895       0.000049386      -0.000010204  C
  1     6       0.000153565       0.000064506       0.000064745  C
  1     6       0.000132363      -0.000089838       0.000042620  C
  1     6      -0.000026209      -0.000289635       0.000094848  C
  1     6      -0.000112765      -0.000231998      -0.000036782  C
  1     6      -0.000219699       0.000236104      -0.000036640  C
  1     6      -0.000170226      -0.000131621       0.000054078  C
  1     6       0.000092678       0.000124121       0.000017837  C
  1     6       0.000113802       0.000102431       0.000052788  C
  1     6      -0.000050681       0.000131604      -0.000012529  C
  1     6      -0.000189121       0.000142549      -0.000013686  C
  1     6       0.000238443      -0.000074647      -0.000098719  C
  1     6       0.000005554      -0.000068650      -0.000006351  C
  1     6      -0.000252140      -0.000138151      -0.000098449  C
  1     6      -0.000007555       0.000108779      -0.000037021  C
  1     6      -0.000084160      -0.000175845      -0.000008324  C
  1     6       0.000115949       0.000033255       0.000053340  C
  1     6       0.000098393       0.000268241       0.000078818  C
  1     6       0.000053030       0.000171576       0.000028750  C
  1     6      -0.000057048      -0.000092508      -0.000006081  C
  1     6      -0.000153007      -0.000057380       0.000021050  C
  1     6       0.000050893      -0.000095499       0.000028982  C
  1     6       0.000066619      -0.000050705       0.000057154  C
  1     6      -0.000107779       0.000117623       0.000003662  C
  1     6      -0.000064711      -0.000040666       0.000114349  C
  1     6      -0.000012810       0.000059205       0.000063363  C
  1     6       0.000192121      -0.000000203       0.000053586  C
  1     6      -0.000120869       0.000204006      -0.000060133  C
  1     6      -0.000299029       0.000198143       0.000094794  C
  1     6      -0.000018016       0.000018212       0.000063027  C
  1     6       0.000028686       0.000055711       0.000079304  C
  1     6       0.000111410       0.000037046       0.000089934  C
  1     6      -0.000034797       0.000183700       0.000012562  C
  1     6      -0.000090919       0.000019914      -0.000037187  C
  1     6       0.000110836       0.000162081      -0.000046370  C
  1     6      -0.000014531       0.000039713       0.000008965  C
  1     6       0.000154284       0.000127732      -0.000013888  C
  1     6       0.000107085      -0.000024066       0.000012197  C
  1     6      -0.000138300      -0.000166008       0.000153023  C
  1     6      -0.000061383       0.000086714       0.000084937  C
  1     6       0.000008313       0.000154956       0.000057051  C
  1     6       0.000103478      -0.000022085       0.000040170  C
  1     6      -0.000254554       0.000119386       0.000127212  C
  1     6      -0.000095367       0.000167283       0.000034774  C
  1     6       0.000113082      -0.000184461       0.000078247  C
  1     6       0.000029999       0.000043095       0.000084660  C
  1     6       0.000030046       0.000141235       0.000133732  C
  1     6      -0.000066222       0.000068417       0.000079443  C
  1     6      -0.000153779       0.000084491       0.000017578  C
  1     6       0.000174972       0.000096173      -0.000021239  C
  1     6      -0.000085165       0.000210179       0.000004545  C
  1     6      -0.000202125      -0.000038461       0.000042238  C
  1     6      -0.000073852       0.000111451       0.000113763  C
  1     6       0.000025264      -0.000073020       0.000133465  C
  1     6       0.000195116       0.000036455       0.000153122  C
  1     6       0.000188856       0.000081830      -0.000008314  C
  1     6       0.000019068       0.000095431       0.000011780  C
  1     6      -0.000305480       0.000048705       0.000018235  C
  1     6      -0.000156443      -0.000091287       0.000068871  C
  1     6       0.000071231       0.000009719      -0.000013051  C
  1     6      -0.000103059      -0.000089699       0.000089365  C
  1     6      -0.000166828       0.000035710       0.000133772  C
  1     6      -0.000056597      -0.000080375       0.000003649  C
  1     6      -0.000003570      -0.000034205      -0.000010573  C
  1     6       0.000028462      -0.000045373       0.000001931  C
  1     6      -0.000212905       0.000197149       0.000050299  C
  1     6       0.000008100      -0.000053373       0.000081948  C
  1     6      -0.000104798      -0.000092596       0.000052687  C
  1     6      -0.000158152       0.000225545       0.000152707  C
  1     6      -0.000106532       0.000154799       0.000090028  C
  1     6      -0.000151843       0.000118679       0.000052507  C
  1     6      -0.000035035      -0.000010304       0.000058264  C
  1     6       0.000132196      -0.000010056       0.000036209  C
  1     6      -0.000109588      -0.000132989       0.000006998  C
  1     6      -0.000085414      -0.000141607       0.000064019  C
  1     6       0.000077775       0.000059518       0.000003228  C
  1     6      -0.000065765      -0.000028241       0.000084670  C
  1     6      -0.000097724       0.000159881       0.000053279  C
  1     6       0.000111350       0.000188096      -0.000031282  C
  1     6       0.000001206      -0.000026208      -0.000013680  C
  1     6      -0.000336505      -0.000084002      -0.000019095  C
  1     6      -0.000268323       0.000073284      -0.000020471  C
  1     6      -0.000041975      -0.000131208       0.000052046  C
  1     6      -0.000052466      -0.000031043       0.000078607  C
  1     6       0.000053752       0.000033801       0.000114050  C
  1     6      -0.000142035       0.000169074       0.000064455  C
  1     6       0.000117933       0.000089210       0.000015535  C
  1     6       0.000106876       0.000091235       0.000072201  C
  1     6      -0.000191885       0.000176708       0.000076762  C
  1     6      -0.000231386       0.000056980      -0.000031767  C
  1     6      -0.000184951       0.000177080      -0.000008785  C
  1     6      -0.000157911      -0.000060948       0.000012466  C
  1     6      -0.000098762      -0.000040857      -0.000012311  C
  1     6       0.000134932       0.000219404      -0.000019885  C
  1     6       0.000205063      -0.000029070      -0.000008980  C
  1     6      -0.000093504      -0.000128241       0.000030824  C
  1     6      -0.000149411       0.000102090       0.000015095  C
  1     6       0.000015867       0.000062803      -0.000010974  C
  1     6      -0.000162239      -0.000011048       0.000056951  C
  1     6      -0.000292289       0.000016675       0.000078635  C
  1     6      -0.000114043       0.000046643       0.000082574  C
  1     6       0.000196392       0.000097234       0.000077264  C
  1     6       0.000087741      -0.000170175       0.000005651  C
  1     6      -0.000085609       0.000231114      -0.000009271  C
  1     6       0.000011120       0.000019613       0.000058049  C
  1     6      -0.000009930      -0.000123708       0.000017482  C
  1     6      -0.000060674       0.000026798       0.000063174  C
  1     6      -0.000000997       0.000219293       0.000042728  C
  1     6      -0.000127915       0.000182541       0.000007792  C
  1     6      -0.000100292       0.000164611       0.000031100  C
  1     6       0.000100169      -0.000164550       0.000031080  C
  1     6       0.000127761      -0.000182509       0.000007798  C
  1     6       0.000000936      -0.000219376       0.000042724  C
  1     6       0.000060652      -0.000026840       0.000063179  C
  1     6       0.000009971       0.000123651       0.000017479  C
  1     6      -0.000011085      -0.000019747       0.000058050  C
  1     6       0.000085624      -0.000231596      -0.000009260  C
  1     6      -0.000087831       0.000170033       0.000005658  C
  1     6      -0.000196487      -0.000097267       0.000077272  C
  1     6       0.000113780      -0.000046792       0.000082573  C
  1     6       0.000292288      -0.000016807       0.000078635  C
  1     6       0.000162228       0.000010998       0.000056952  C
  1     6      -0.000015786      -0.000062922      -0.000010976  C
  1     6       0.000149593      -0.000102579       0.000015099  C
  1     6       0.000093752       0.000127594       0.000030802  C
  1     6      -0.000205012       0.000028921      -0.000008972  C
  1     6      -0.000135218      -0.000219598      -0.000019891  C
  1     6       0.000098725       0.000040818      -0.000012310  C
  1     6       0.000157976       0.000060894       0.000012464  C
  1     6       0.000184902      -0.000177170      -0.000008781  C
  1     6       0.000231327      -0.000057134      -0.000031762  C
  1     6       0.000191999      -0.000177308       0.000076734  C
  1     6      -0.000106688      -0.000091659       0.000072181  C
  1     6      -0.000117913      -0.000089505       0.000015532  C
  1     6       0.000141931      -0.000169100       0.000064453  C
  1     6      -0.000053756      -0.000033772       0.000114052  C
  1     6       0.000052423       0.000030958       0.000078611  C
  1     6       0.000041978       0.000131120       0.000052047  C
  1     6       0.000268259      -0.000073644      -0.000020464  C
  1     6       0.000336618       0.000083460      -0.000019102  C
  1     6      -0.000001123       0.000025972      -0.000013670  C
  1     6      -0.000111408      -0.000188164      -0.000031285  C
  1     6       0.000097690      -0.000159844       0.000053277  C
  1     6       0.000065755       0.000028158       0.000084670  C
  1     6      -0.000077851      -0.000059612       0.000003228  C
  1     6       0.000085309       0.000141475       0.000064014  C
  1     6       0.000109616       0.000132576       0.000006973  C
  1     6      -0.000131989       0.000009766       0.000036175  C
  1     6       0.000035058       0.000010143       0.000058261  C
  1     6       0.000151784      -0.000118660       0.000052508  C
  1     6       0.000106519      -0.000154757       0.000090030  C
  1     6       0.000158107      -0.000225598       0.000152702  C
  1     6       0.000104707       0.000092554       0.000052685  C
  1     6      -0.000008196       0.000053346       0.000081968  C
  1     6       0.000213129      -0.000197105       0.000050281  C
  1     6      -0.000028156       0.000045280       0.000001943  C
  1     6       0.000003711       0.000034272      -0.000010573  C
  1     6       0.000056548       0.000080453       0.000003649  C
  1     6       0.000166785      -0.000035608       0.000133771  C
  1     6       0.000103040       0.000089783       0.000089369  C
  1     6      -0.000071258      -0.000009481      -0.000013048  C
  1     6       0.000156481       0.000091534       0.000068883  C
  1     6       0.000305643      -0.000048433       0.000018249  C
  1     6      -0.000019018      -0.000095283       0.000011777  C
  1     6      -0.000188905      -0.000081716      -0.000008318  C
  1     6      -0.000195026      -0.000036269       0.000153121  C
  1     6      -0.000025347       0.000073122       0.000133463  C
  1     6       0.000073770      -0.000111319       0.000113762  C
  1     6       0.000201966       0.000038783       0.000042239  C
  1     6       0.000085353      -0.000209937       0.000004553  C
  1     6      -0.000174789      -0.000096055      -0.000021240  C
  1     6       0.000153761      -0.000084513       0.000017573  C
  1     6       0.000066139      -0.000068282       0.000079440  C
  1     6      -0.000030232      -0.000141160       0.000133736  C
  1     6      -0.000030070      -0.000042997       0.000084661  C
  1     6      -0.000113084       0.000184625       0.000078253  C
  1     6       0.000095301      -0.000167023       0.000034786  C
  1     6       0.000254668      -0.000119298       0.000127210  C
  1     6      -0.000103488       0.000022042       0.000040171  C
  1     6      -0.000008319      -0.000155036       0.000057055  C
  1     6       0.000061372      -0.000086763       0.000084940  C
  1     6       0.000138206       0.000166058       0.000153024  C
  1     6      -0.000107046       0.000024284       0.000012196  C
  1     6      -0.000154325      -0.000127552      -0.000013883  C
  1     6       0.000014634      -0.000039527       0.000008966  C
  1     6      -0.000110649      -0.000162001      -0.000046369  C
  1     6       0.000090946      -0.000019920      -0.000037188  C
  1     6       0.000034895      -0.000183707       0.000012562  C
  1     6      -0.000111427      -0.000037019       0.000089938  C
  1     6      -0.000028670      -0.000055681       0.000079304  C
  1     6       0.000017970      -0.000018051       0.000063029  C
  1     6       0.000299025      -0.000197989       0.000094796  C
  1     6       0.000121007      -0.000203773      -0.000060128  C
  1     6      -0.000192196       0.000000285       0.000053588  C
  1     6       0.000012773      -0.000059100       0.000063363  C
  1     6       0.000064696       0.000040745       0.000114340  C
  1     6       0.000107628      -0.000117685       0.000003662  C
  1     6      -0.000066550       0.000050610       0.000057157  C
  1     6      -0.000051023       0.000095562       0.000028991  C
  1     6       0.000152999       0.000057413       0.000021054  C
  1     6       0.000057001       0.000092473      -0.000006081  C
  1     6      -0.000053096      -0.000171605       0.000028752  C
  1     6      -0.000098353      -0.000268239       0.000078818  C
  1     6      -0.000116082      -0.000033444       0.000053349  C
  1     6       0.000084139       0.000175557      -0.000008309  C
  1     6       0.000007577      -0.000109030      -0.000037020  C
  1     6       0.000252059       0.000137950      -0.000098445  C
  1     6      -0.000005440       0.000068453      -0.000006354  C
  1     6      -0.000238435       0.000074500      -0.000098722  C
  1     6       0.000189155      -0.000142625      -0.000013692  C
  1     6       0.000050554      -0.000131769      -0.000012520  C
  1     6      -0.000114051      -0.000102843       0.000052793  C
  1     6      -0.000092649      -0.000124590       0.000017856  C
  1     6       0.000170221       0.000131383       0.000054073  C
  1     6       0.000219811      -0.000236221      -0.000036639  C
  1     6       0.000112800       0.000231844      -0.000036777  C
  1     6       0.000026174       0.000289550       0.000094849  C
  1     6      -0.000132359       0.000089714       0.000042617  C
  1     6      -0.000153724      -0.000064730       0.000064738  C
  1     6       0.000082864      -0.000049667      -0.000010234  C
  1     6       0.000134566       0.000046337       0.000040600  C
  1     6       0.000125388      -0.000128818      -0.000005800  C
  1     6       0.000040375      -0.000033527      -0.000193009  C
  1     6      -0.000116726       0.000031518       0.000021058  C
  1     6       0.000098675       0.000101898       0.000035169  C
  1     6      -0.000039225      -0.000095626       0.000082582  C
  1     6      -0.000047200       0.000162305      -0.000030978  C
  1     6      -0.000023056       0.000033033       0.000012170  C
  1     6      -0.000012815       0.000144411      -0.000045726  C
  1     6       0.000144862      -0.000049487      -0.000006066  C
  1     6      -0.000034031      -0.000117995      -0.000006333  C
  1     6       0.000032798      -0.000035154       0.000009067  C
  1     6      -0.000159509       0.000031938       0.000069272  C
  1     6      -0.000062957       0.000205168      -0.000019740  C
  1     6       0.000037693      -0.000069618       0.000058798  C
  1     6       0.000067628       0.000171746      -0.000020697  C
  1     6      -0.000160339      -0.000027751      -0.000059428  C
  1     6      -0.000228429      -0.000093193      -0.000036614  C
  1     6       0.000130706       0.000132730      -0.000060080  C
  1     6       0.000143571       0.000112599       0.000005013  C
  1     6      -0.000173469      -0.000027607       0.000007452  C
  1     6       0.000026395       0.000115729       0.000016057  C
  1     6       0.000105960      -0.000022144       0.000002337  C
  1     6      -0.000161573      -0.000184437       0.000127735  C
  1     6       0.000059345      -0.000185151       0.000021556  C
  1     6      -0.000087249      -0.000067635      -0.000005842  C
  1     6      -0.000014170       0.000210902       0.000127399  C
  1     6       0.000064057       0.000223570       0.000050837  C
  1     6       0.000054168       0.000198717       0.000077242  C
  1     6       0.000065227      -0.000042383      -0.000013300  C
  1     6      -0.000132073      -0.000261142       0.000019147  C
  1     6       0.000032891      -0.000012739       0.000009894  C
  1     6       0.000078564      -0.000307957      -0.000098140  C
  1     6       0.000209005      -0.000087800      -0.000046227  C
  1     6      -0.000101223       0.000224384       0.000018633  C
  1     6      -0.000246051       0.000200264      -0.000018843  C
  1     6       0.000164630       0.000135132      -0.000008822  C
  1     6       0.000130640       0.000086764       0.000036765  C
  1     6      -0.000155036       0.000015464       0.000005324  C
  1     6      -0.000239334      -0.000178393       0.000095060  C
  1     6       0.000109272      -0.000235380       0.000053719  C
  1     6       0.000181556      -0.000169988      -0.000021260  C
  1     6       0.000062989      -0.000172349       0.000036306  C
  1     6      -0.000160541      -0.000020145       0.000031016  C
  1     6       0.000018325       0.000112250       0.000072671  C
  1     6      -0.000208345      -0.000102759       0.000051221  C
  1     6      -0.000121051      -0.000015852       0.000035615  C
  1     6       0.000193270      -0.000022018       0.000029045  C
  1     6       0.000043886      -0.000166625       0.000040236  C
  1     6      -0.000008142      -0.000102173       0.000001877  C
  1     6       0.000134750      -0.000086447       0.000072312  C
  1     6       0.000219071      -0.000024679       0.000005784  C
  1     6      -0.000039372      -0.000356631      -0.000018547  C
  1     6       0.000065824      -0.000202143       0.000068719  C
  1     6       0.000046040       0.000173670      -0.000013527  C
  1     6      -0.000012375       0.000025256      -0.000037294  C
  1     6       0.000110044      -0.000021237       0.000011469  C
  1     6      -0.000008269      -0.000056634      -0.000013854  C
  1     6      -0.000103992      -0.000192151       0.000005622  C
  1     6      -0.000097638      -0.000151700       0.000037931  C
  1     6       0.000051442       0.000096629      -0.000084287  C
  1     6      -0.000010906       0.000081301      -0.000068032  C
  1     6      -0.000051729      -0.000081116      -0.000092212  C
  1     6       0.000108672      -0.000153759      -0.000069307  C
  1     6      -0.000108856      -0.000088517      -0.000087711  C
  1     6      -0.000123316      -0.000079342      -0.000069560  C
  1     6      -0.000044441       0.000172884      -0.000069571  C
  1     6      -0.000128656      -0.000043337      -0.000009373  C
  1     6      -0.000020973      -0.000008315       0.000054842  C
  1     6      -0.000170672       0.000118038       0.000043764  C
  1     6      -0.000262097       0.000059917       0.000000122  C
  1     6      -0.000106262      -0.000082783      -0.000057362  C
  1     6       0.000164513      -0.000103943      -0.000126483  C
  1     6       0.000079981       0.000170471       0.000004969  C
  1     6      -0.000208031      -0.000059104      -0.000126441  C
  1     6      -0.000251591       0.000083092       0.000000884  C
  1     6      -0.000176230       0.000010456      -0.000054067  C
  1     6      -0.000150133       0.000090275      -0.000087361  C
  1     6      -0.000087857       0.000103516      -0.000028562  C
  1     6       0.000097056      -0.000087510       0.000083243  C
  1     6       0.000178805       0.000037239       0.000037559  C
  1     6      -0.000166698      -0.000002384       0.000083420  C
  1     6       0.000035162       0.000209821      -0.000021521  C
  1     6      -0.000090824       0.000080609      -0.000101780  C
  1     6       0.000074704       0.000109002      -0.000112108  C
  1     6      -0.000031077      -0.000038747      -0.000109030  C
  1     6       0.000110729      -0.000039834      -0.000009545  C
  1     6       0.000111301      -0.000053530      -0.000080392  C
  1     6      -0.000057731       0.000180325      -0.000088039  C
  1     6      -0.000065438       0.000091336      -0.000108847  C
  1     6       0.000062096      -0.000052463      -0.000032565  C
  1     6       0.000054805       0.000103771      -0.000053238  C
  1     6      -0.000006101      -0.000058259      -0.000023425  C
  1     6       0.000059008      -0.000198408       0.000000556  C
  1     6      -0.000038245       0.000000404       0.000028853  C
  1     6      -0.000284081       0.000125932       0.000100456  C
  1     6      -0.000060992       0.000177308      -0.000057434  C
  1     6      -0.000089843       0.000082353      -0.000023264  C
  1     6      -0.000156352      -0.000184917      -0.000115501  C
  1     6      -0.000081011      -0.000150550      -0.000123774  C
  1     6      -0.000187611      -0.000012641      -0.000021888  C
  1     6      -0.000101471       0.000056876      -0.000084728  C
  1     6       0.000180039       0.000022331      -0.000110938  C
  1     6       0.000089931       0.000070529      -0.000028436  C
  1     6      -0.000139585       0.000198485      -0.000123780  C
  1     6      -0.000207816       0.000174528      -0.000151150  C
  1     6       0.000032622       0.000149570      -0.000032951  C
  1     6       0.000026141       0.000050771       0.000054335  C
  1     6       0.000057340       0.000185441       0.000058347  C
  1     6      -0.000220317      -0.000093995      -0.000089982  C
  1     6      -0.000232236       0.000034738      -0.000069515  C
  1     6       0.000015202      -0.000068384      -0.000111986  C
  1     6       0.000202345       0.000150536      -0.000151143  C
  1     6       0.000263119       0.000032606      -0.000115478  C
  1     6       0.000091132      -0.000089853      -0.000054294  C
  1     6      -0.000042563       0.000028057      -0.000008706  C
  1     6      -0.000214200       0.000056598       0.000035110  C
  1     6      -0.000006305       0.000084250      -0.000006416  C
  1     6       0.000141705       0.000247543      -0.000000006  C
  1     6       0.000014269      -0.000044018      -0.000053035  C
  1     6      -0.000019020      -0.000194350      -0.000150939  C
  1     6      -0.000007542      -0.000049977      -0.000101969  C
  1     6      -0.000052718       0.000019457      -0.000068381  C
  1     6       0.000144337      -0.000055051      -0.000084681  C
  1     6      -0.000151477      -0.000169647      -0.000051740  C
  1     6       0.000113509       0.000137190      -0.000087154  C
  1     6      -0.000133187       0.000283355      -0.000115239  C
  1     6      -0.000091377       0.000063224      -0.000052930  C
  1     6      -0.000005116      -0.000138394       0.000043455  C
  1     6      -0.000011460       0.000052462       0.000025211  C
  1     6      -0.000207474       0.000021598      -0.000070627  C
  1     6      -0.000034974      -0.000042641      -0.000022663  C
  1     6      -0.000086120       0.000137475      -0.000092207  C
  1     6       0.000069979       0.000089668      -0.000101683  C
  1     6       0.000190168       0.000074251      -0.000123371  C
  1     6       0.000015097      -0.000118948      -0.000086988  C
  1     6      -0.000068226       0.000053896      -0.000031619  C
  1     6       0.000078070       0.000061426       0.000047335  C
  1     6      -0.000000926       0.000072858      -0.000026408  C
  1     6       0.000144640      -0.000008795      -0.000032945  C
  1     6       0.000146180       0.000139487       0.000043817  C
  1     6      -0.000123699       0.000024476      -0.000032373  C
  1     6      -0.000117096       0.000079760      -0.000111612  C
  1     6       0.000112480       0.000060131      -0.000091995  C
  1     6       0.000300680       0.000058096      -0.000043712  C
  1     6      -0.000095162      -0.000133320       0.000051170  C
  1     6      -0.000338892      -0.000042259      -0.000027698  C
  1     6       0.000055631       0.000199371      -0.000053868  C
  1     6       0.000068066       0.000096836      -0.000022596  C
  1     6       0.000094833      -0.000185332       0.000000524  C
  1     6       0.000045846      -0.000174309       0.000027318  C
  1     6      -0.000122502       0.000120293      -0.000018464  C
  1     6      -0.000057219       0.000101145      -0.000051340  C
  1     6       0.000150913       0.000198268       0.000027246  C
  1     6       0.000034820       0.000022323      -0.000067798  C
  1     6       0.000123939      -0.000082356      -0.000021141  C
  1     6      -0.000034231      -0.000050787      -0.000027666  C
  1     6      -0.000133001      -0.000058404      -0.000032722  C
  1     6       0.000278143       0.000137309       0.000044676  C
  1     6      -0.000034461       0.000219824       0.000056726  C
  1     6      -0.000232768       0.000240581       0.000044550  C
  1     6       0.000013511      -0.000015571      -0.000031554  C
  1     6      -0.000036440       0.000072216       0.000055159  C
  1     6       0.000063691       0.000063636      -0.000108198  C
  1     6       0.000092645       0.000248275      -0.000068585  C
  1     6       0.000082658       0.000373495      -0.000027401  C
  1     6       0.000005170       0.000212008       0.000103257  C
  1     6      -0.000163742      -0.000032720       0.000103350  C
  1     6      -0.000179683       0.000297318      -0.000043440  C
  1     6       0.000158997       0.000220419       0.000001273  C
  1     6       0.000136791       0.000020027      -0.000056641  C
  1     6      -0.000074158       0.000111629      -0.000021756  C
  1     6       0.000063925       0.000056639      -0.000050890  C
  1     6      -0.000008903       0.000044897       0.000015408  C
  1     6      -0.000019194      -0.000096557      -0.000018285  C
  1     6      -0.000010509       0.000037242       0.000025931  C
  1     6       0.000021871      -0.000050056      -0.000083781  C
  1     6       0.000037612       0.000189654       0.000084213  C
  1     6       0.000023123       0.000015055      -0.000005621  C
  1     6       0.000012506       0.000017275      -0.000025723  C
  1     6       0.000159358      -0.000021474       0.000057031  C
  1     6      -0.000151159      -0.000066626       0.000056663  C
  1     6      -0.000061648       0.000112270       0.000047923  C
  1     6       0.000020131       0.000022697      -0.000007983  C
  1     6      -0.000010080       0.000171775      -0.000008879  C
  1     6       0.000138348       0.000006899      -0.000087299  C
  1     6      -0.000125232       0.000269240      -0.000050837  C
  1     6      -0.000120067       0.000198157       0.000051751  C
  1     6       0.000131620      -0.000048701       0.000103290  C
  1     6       0.000187304       0.000057014       0.000051635  C
  1     6       0.000000627       0.000224908      -0.000083869  C
  1     6       0.000015895       0.000244917      -0.000126115  C
  1     6      -0.000017943       0.000283013      -0.000089206  C
  1     6       0.000065823       0.000223261      -0.000069709  C
  1     6       0.000120241       0.000097622      -0.000018130  C
  1     6      -0.000034686      -0.000032866      -0.000050867  C
  1     6       0.000111620      -0.000123726      -0.000070085  C
  1     6      -0.000169891       0.000024573       0.000059043  C
  1     6      -0.000117826       0.000188443       0.000037913  C
  1     6       0.000209320       0.000218850       0.000101040  C
  1     6       0.000106706       0.000201894       0.000035856  C
  1     6      -0.000044531      -0.000047812       0.000048145  C
  1     6      -0.000068681      -0.000260581       0.000044817  C
  1     6      -0.000036636       0.000023731      -0.000026199  C
  1     6       0.000075210      -0.000152991       0.000035597  C
  1     6       0.000035276       0.000024127       0.000029410  C
  1     6       0.000133949      -0.000019325      -0.000069177  C
  1     6      -0.000112058      -0.000131536      -0.000110418  C
  1     6      -0.000179993      -0.000050871      -0.000083855  C
  1     6      -0.000143416      -0.000242592      -0.000043398  C
  1     6       0.000229300      -0.000208576      -0.000027654  C
  1     6       0.000246306       0.000011435      -0.000051252  C
  1     6      -0.000094020       0.000198370      -0.000110499  C
  1     6      -0.000145185      -0.000041450      -0.000080036  C
  1     6       0.000082132      -0.000104472       0.000059030  C
  1     6      -0.000005645       0.000032535       0.000025605  C
  1     6      -0.000221571       0.000092247       0.000027163  C
  1     6       0.000079620       0.000053641      -0.000022425  C
  1     6       0.000207185      -0.000090136      -0.000089716  C
  1     6       0.000001187       0.000172930      -0.000080011  C
  1     6       0.000066698      -0.000128616       0.000005069  C
  1     6      -0.000024411       0.000063355       0.000029334  C
  1     6      -0.000012516       0.000064440      -0.000008095  C
  1     6       0.000028470       0.000079924      -0.000031407  C
  1     6      -0.000040806       0.000189729      -0.000032784  C
  1     6      -0.000049629       0.000010566      -0.000006149  C
  1     6       0.000045581      -0.000261475       0.000100723  C
  1     6      -0.000184893       0.000032885       0.000005139  C
  1     6       0.000184946      -0.000032815       0.000005140  C
  1     6      -0.000045577       0.000261601       0.000100725  C
  1     6       0.000049624      -0.000010484      -0.000006152  C
  1     6       0.000040829      -0.000189765      -0.000032766  C
  1     6      -0.000028425      -0.000080041      -0.000031401  C
  1     6       0.000012481      -0.000064505      -0.000008083  C
  1     6       0.000024433      -0.000063451       0.000029334  C
  1     6      -0.000066729       0.000128647       0.000005070  C
  1     6      -0.000001088      -0.000172792      -0.000080013  C
  1     6      -0.000207255       0.000090301      -0.000089711  C
  1     6      -0.000079703      -0.000053578      -0.000022404  C
  1     6       0.000221591      -0.000092175       0.000027154  C
  1     6       0.000005765      -0.000032454       0.000025621  C
  1     6      -0.000081995       0.000104552       0.000059029  C
  1     6       0.000145242       0.000041505      -0.000080041  C
  1     6       0.000093994      -0.000198220      -0.000110501  C
  1     6      -0.000246409      -0.000011430      -0.000051249  C
  1     6      -0.000229327       0.000208623      -0.000027654  C
  1     6       0.000143386       0.000242714      -0.000043400  C
  1     6       0.000179918       0.000050921      -0.000083859  C
  1     6       0.000112007       0.000131520      -0.000110416  C
  1     6      -0.000134023       0.000019313      -0.000069180  C
  1     6      -0.000035067      -0.000024059       0.000029408  C
  1     6      -0.000075321       0.000152959       0.000035598  C
  1     6       0.000036563      -0.000023856      -0.000026203  C
  1     6       0.000068630       0.000260513       0.000044821  C
  1     6       0.000044397       0.000047365       0.000048140  C
  1     6      -0.000106676      -0.000201972       0.000035859  C
  1     6      -0.000209292      -0.000218967       0.000101043  C
  1     6       0.000117919      -0.000188421       0.000037913  C
  1     6       0.000169737      -0.000024628       0.000059053  C
  1     6      -0.000111872       0.000123606      -0.000070094  C
  1     6       0.000034746       0.000032848      -0.000050868  C
  1     6      -0.000120489      -0.000098126      -0.000018139  C
  1     6      -0.000065584      -0.000223693      -0.000069702  C
  1     6       0.000018008      -0.000283029      -0.000089204  C
  1     6      -0.000015774      -0.000244858      -0.000126114  C
  1     6      -0.000000870      -0.000225127      -0.000083865  C
  1     6      -0.000187226      -0.000056917       0.000051632  C
  1     6      -0.000131908       0.000048504       0.000103286  C
  1     6       0.000120166      -0.000198076       0.000051740  C
  1     6       0.000125626      -0.000269375      -0.000050838  C
  1     6      -0.000138365      -0.000006817      -0.000087296  C
  1     6       0.000010144      -0.000171741      -0.000008878  C
  1     6      -0.000020227      -0.000022906      -0.000007985  C
  1     6       0.000061647      -0.000112454       0.000047918  C
  1     6       0.000150898       0.000066533       0.000056659  C
  1     6      -0.000159593       0.000021645       0.000057023  C
  1     6      -0.000012237      -0.000016952      -0.000025721  C
  1     6      -0.000022880      -0.000015029      -0.000005618  C
  1     6      -0.000037624      -0.000189709       0.000084216  C
  1     6      -0.000021925       0.000049944      -0.000083777  C
  1     6       0.000010389      -0.000037436       0.000025933  C
  1     6       0.000019542       0.000096459      -0.000018261  C
  1     6       0.000008729      -0.000044696       0.000015402  C
  1     6      -0.000063698      -0.000055962      -0.000050895  C
  1     6       0.000074554      -0.000111121      -0.000021757  C
  1     6      -0.000136781      -0.000019837      -0.000056638  C
  1     6      -0.000158869      -0.000220538       0.000001274  C
  1     6       0.000179805      -0.000297265      -0.000043443  C
  1     6       0.000163675       0.000032957       0.000103344  C
  1     6      -0.000004987      -0.000211170       0.000103250  C
  1     6      -0.000082078      -0.000372474      -0.000027401  C
  1     6      -0.000092526      -0.000247764      -0.000068591  C
  1     6      -0.000063843      -0.000063490      -0.000108192  C
  1     6       0.000036300      -0.000072311       0.000055161  C
  1     6      -0.000013582       0.000015626      -0.000031563  C
  1     6       0.000232942      -0.000240483       0.000044537  C
  1     6       0.000034456      -0.000219288       0.000056731  C
  1     6      -0.000278084      -0.000136701       0.000044672  C
  1     6       0.000133039       0.000059185      -0.000032721  C
  1     6       0.000033942       0.000050978      -0.000027677  C
  1     6      -0.000124051       0.000082400      -0.000021137  C
  1     6      -0.000035015      -0.000022366      -0.000067788  C
  1     6      -0.000150814      -0.000198339       0.000027255  C
  1     6       0.000057243      -0.000101031      -0.000051347  C
  1     6       0.000122779      -0.000119885      -0.000018460  C
  1     6      -0.000045515       0.000174848       0.000027316  C
  1     6      -0.000095113       0.000185730       0.000000522  C
  1     6      -0.000068409      -0.000096805      -0.000022596  C
  1     6      -0.000055829      -0.000199378      -0.000053868  C
  1     6       0.000339109       0.000042206      -0.000027695  C
  1     6       0.000095410       0.000133500       0.000051171  C
  1     6      -0.000300244      -0.000057836      -0.000043716  C
  1     6      -0.000112441      -0.000060101      -0.000091992  C
  1     6       0.000116557      -0.000080088      -0.000111621  C
  1     6       0.000123445      -0.000024664      -0.000032371  C
  1     6      -0.000146446      -0.000139602       0.000043814  C
  1     6      -0.000144410       0.000008876      -0.000032945  C
  1     6       0.000001114      -0.000072836      -0.000026413  C
  1     6      -0.000077697      -0.000061387       0.000047324  C
  1     6       0.000068172      -0.000054398      -0.000031618  C
  1     6      -0.000015632       0.000118451      -0.000086986  C
  1     6      -0.000190382      -0.000074758      -0.000123371  C
  1     6      -0.000070010      -0.000089701      -0.000101677  C
  1     6       0.000086172      -0.000137555      -0.000092199  C
  1     6       0.000035134       0.000042774      -0.000022651  C
  1     6       0.000207767      -0.000021655      -0.000070621  C
  1     6       0.000011600      -0.000052825       0.000025206  C
  1     6       0.000004769       0.000137308       0.000043453  C
  1     6       0.000090986      -0.000063813      -0.000052924  C
  1     6       0.000133232      -0.000283388      -0.000115249  C
  1     6      -0.000113721      -0.000137038      -0.000087171  C
  1     6       0.000151460       0.000169745      -0.000051746  C
  1     6      -0.000144229       0.000054691      -0.000084687  C
  1     6       0.000052527      -0.000020292      -0.000068385  C
  1     6       0.000007237       0.000049026      -0.000101975  C
  1     6       0.000019242       0.000193970      -0.000150941  C
  1     6      -0.000014439       0.000043931      -0.000053039  C
  1     6      -0.000141807      -0.000247414       0.000000005  C
  1     6       0.000006424      -0.000084187      -0.000006420  C
  1     6       0.000214214      -0.000056694       0.000035109  C
  1     6       0.000042551      -0.000028596      -0.000008714  C
  1     6      -0.000091558       0.000089123      -0.000054293  C
  1     6      -0.000263056      -0.000033161      -0.000115486  C
  1     6      -0.000202100      -0.000150745      -0.000151148  C
  1     6      -0.000015217       0.000068428      -0.000111998  C
  1     6       0.000232463      -0.000034581      -0.000069505  C
  1     6       0.000220202       0.000093966      -0.000089979  C
  1     6      -0.000057370      -0.000185484       0.000058348  C
  1     6      -0.000026350      -0.000050839       0.000054344  C
  1     6      -0.000032748      -0.000149774      -0.000032953  C
  1     6       0.000208151      -0.000174542      -0.000151152  C
  1     6       0.000139512      -0.000198462      -0.000123783  C
  1     6      -0.000089860      -0.000070308      -0.000028444  C
  1     6      -0.000180096      -0.000022253      -0.000110939  C
  1     6       0.000101465      -0.000056789      -0.000084729  C
  1     6       0.000187376       0.000012840      -0.000021887  C
  1     6       0.000081312       0.000150729      -0.000123797  C
  1     6       0.000156501       0.000184966      -0.000115499  C
  1     6       0.000089911      -0.000082226      -0.000023261  C
  1     6       0.000061190      -0.000177234      -0.000057436  C
  1     6       0.000283962      -0.000125889       0.000100448  C
  1     6       0.000038226      -0.000000348       0.000028849  C
  1     6      -0.000059115       0.000198488       0.000000560  C
  1     6       0.000005984       0.000058691      -0.000023424  C
  1     6      -0.000054689      -0.000103675      -0.000053237  C
  1     6      -0.000062128       0.000052564      -0.000032566  C
  1     6       0.000065601      -0.000091138      -0.000108842  C
  1     6       0.000057737      -0.000180269      -0.000088038  C
  1     6      -0.000111442       0.000053437      -0.000080392  C
  1     6      -0.000110908       0.000039945      -0.000009542  C
  1     6       0.000031005       0.000038895      -0.000109029  C
  1     6      -0.000074673      -0.000108780      -0.000112107  C
  1     6       0.000090864      -0.000080635      -0.000101784  C
  1     6      -0.000035103      -0.000209762      -0.000021523  C
  1     6       0.000166802       0.000002420       0.000083421  C
  1     6      -0.000178709      -0.000037309       0.000037560  C
  1     6      -0.000097051       0.000087557       0.000083245  C
  1     6       0.000087836      -0.000103532      -0.000028566  C
  1     6       0.000150090      -0.000090229      -0.000087362  C
  1     6       0.000176301      -0.000010538      -0.000054054  C
  1     6       0.000251767      -0.000083182       0.000000884  C
  1     6       0.000207905       0.000058924      -0.000126441  C
  1     6      -0.000079966      -0.000170448       0.000004968  C
  1     6      -0.000164489       0.000103957      -0.000126485  C
  1     6       0.000106222       0.000082765      -0.000057363  C
  1     6       0.000262129      -0.000059955       0.000000121  C
  1     6       0.000170688      -0.000117944       0.000043772  C
  1     6       0.000021064       0.000008322       0.000054861  C
  1     6       0.000128701       0.000043130      -0.000009371  C
  1     6       0.000044362      -0.000173030      -0.000069574  C
  1     6       0.000123340       0.000079420      -0.000069564  C
  1     6       0.000108797       0.000088546      -0.000087711  C
  1     6      -0.000108694       0.000153734      -0.000069292  C
  1     6       0.000051705       0.000081083      -0.000092218  C
  1     6       0.000010850      -0.000081235      -0.000068037  C
  1     6      -0.000051413      -0.000096774      -0.000084290  C
  1     6       0.000097578       0.000151602       0.000037929  C
