              -2933.9553052399
         -0.000174532      -0.000000016       0.000000000
         -0.000000016      -0.000174508      -0.000000000
          0.000000000      -0.000000000      -0.000027662
         244
  1     6       0.000087306      -0.000009171       0.000028023  C
  1     6      -0.000056939       0.000086402      -0.000010906  C
  1     6       0.000019950       0.000214140       0.000150976  C
  1     6       0.000002803       0.000140666       0.000033343  C
  1     6      -0.000053570       0.000178329       0.000028664  C
  1     6      -0.000118645      -0.000051491       0.000014320  C
  1     6       0.000090471       0.000163776       0.000111925  C
  1     6      -0.000014518       0.000203984       0.000017163  C
  1     6       0.000081669       0.000030859       0.000015892  C
  1     6       0.000110652      -0.000016826       0.000109786  C
  1     6       0.000040472       0.000022259       0.000031095  C
  1     6       0.000144490       0.000042436      -0.000016029  C
  1     6      -0.000062616       0.000129189       0.000032506  C
  1     6       0.000149633      -0.000034888      -0.000019784  C
  1     6       0.000018389      -0.000043670       0.000032553  C
  1     6       0.000029816       0.000139917      -0.000106848  C
  1     6      -0.000158878       0.000058039      -0.000106287  C
  1     6      -0.000070257       0.000009601      -0.000009496  C
  1     6       0.000174251      -0.000124058       0.000025613  C
  1     6       0.000081120      -0.000059083       0.000016408  C
  1     6      -0.000045749       0.000043559      -0.000350216  C
  1     6      -0.000209667       0.000100042       0.000112816  C
  1     6       0.000123418       0.000137875       0.000080263  C
  1     6       0.000013622       0.000083721       0.000056090  C
  1     6      -0.000141815      -0.000115813      -0.000016200  C
  1     6      -0.000133552       0.000208932      -0.000016635  C
  1     6      -0.000068663       0.000152862      -0.000089028  C
  1     6       0.000038614       0.000053641       0.000005641  C
  1     6       0.000077395      -0.000092852       0.000151010  C
  1     6       0.000000435      -0.000066153      -0.000107141  C
  1     6      -0.000217482       0.000009381       0.000150988  C
  1     6       0.000027851      -0.000084997       0.000155021  C
  1     6      -0.000037245      -0.000054557      -0.000091929  C
  1     6      -0.000008795      -0.000130170       0.000111937  C
  1     6      -0.000195051      -0.000006816       0.000015598  C
  1     6      -0.000129484       0.000086866      -0.000092539  C
  1     6       0.000004393       0.000104027       0.000310650  C
  1     6      -0.000118016      -0.000030407      -0.000089319  C
  1     6      -0.000107206      -0.000012183       0.000030830  C
  1     6      -0.000034188      -0.000020701       0.000055171  C
  1     6      -0.000018772      -0.000027496       0.000310419  C
  1     6       0.000033507       0.000172826       0.000155002  C
  1     6       0.000003881       0.000037339      -0.000010753  C
  1     6      -0.000141285       0.000035117       0.000031385  C
  1     6      -0.000074397      -0.000030629       0.000004454  C
  1     6      -0.000118943       0.000056910       0.000310320  C
  1     6      -0.000203099       0.000143257       0.000079318  C
  1     6      -0.000090558       0.000157485       0.000014512  C
  1     6      -0.000299218      -0.000057157       0.000024097  C
  1     6      -0.000192710       0.000043186       0.000154335  C
  1     6      -0.000091198       0.000113750       0.000005651  C
  1     6      -0.000066063       0.000251273      -0.000020522  C
  1     6      -0.000166701      -0.000050195       0.000108762  C
  1     6      -0.000047850      -0.000144027       0.000078044  C
  1     6       0.000041428       0.000099133      -0.000091853  C
  1     6      -0.000003914       0.000316872       0.000025991  C
  1     6      -0.000142502      -0.000037169       0.000027950  C
  1     6      -0.000207571      -0.000077193      -0.000021724  C
  1     6       0.000062651       0.000016058      -0.000089600  C
  1     6      -0.000103255       0.000072714       0.000056311  C
  1     6      -0.000061731       0.000203005       0.000110354  C
  1     6       0.000061752      -0.000203074       0.000110348  C
  1     6       0.000103223      -0.000072728       0.000056304  C
  1     6      -0.000062682      -0.000016115      -0.000089606  C
  1     6       0.000207524       0.000077173      -0.000021721  C
  1     6       0.000142499       0.000037125       0.000027950  C
  1     6       0.000003989      -0.000316917       0.000025989  C
  1     6      -0.000041417      -0.000099158      -0.000091846  C
  1     6       0.000047887       0.000143994       0.000078041  C
  1     6       0.000166679       0.000050209       0.000108767  C
  1     6       0.000066111      -0.000251256      -0.000020527  C
  1     6       0.000091216      -0.000113673       0.000005651  C
  1     6       0.000192710      -0.000043141       0.000154338  C
  1     6       0.000299224       0.000057187       0.000024105  C
  1     6       0.000090550      -0.000157475       0.000014519  C
  1     6       0.000203145      -0.000143270       0.000079316  C
  1     6       0.000118846      -0.000056924       0.000310318  C
  1     6       0.000074370       0.000030621       0.000004450  C
  1     6       0.000141211      -0.000035112       0.000031387  C
  1     6      -0.000003824      -0.000037351      -0.000010753  C
  1     6      -0.000033454      -0.000172876       0.000155000  C
  1     6       0.000018781       0.000027465       0.000310425  C
  1     6       0.000034211       0.000020718       0.000055160  C
  1     6       0.000107184       0.000012220       0.000030832  C
  1     6       0.000118085       0.000030435      -0.000089314  C
  1     6      -0.000004423      -0.000104018       0.000310653  C
  1     6       0.000129521      -0.000086824      -0.000092537  C
  1     6       0.000195048       0.000006808       0.000015603  C
  1     6       0.000008824       0.000130202       0.000111937  C
  1     6       0.000037189       0.000054526      -0.000091930  C
  1     6      -0.000027890       0.000085004       0.000155022  C
  1     6       0.000217457      -0.000009376       0.000150990  C
  1     6      -0.000000438       0.000066172      -0.000107140  C
  1     6      -0.000077369       0.000092807       0.000151014  C
  1     6      -0.000038612      -0.000053715       0.000005642  C
  1     6       0.000068694      -0.000152904      -0.000089029  C
  1     6       0.000133543      -0.000208963      -0.000016633  C
  1     6       0.000141814       0.000115850      -0.000016202  C
  1     6      -0.000013676      -0.000083738       0.000056090  C
  1     6      -0.000123375      -0.000137890       0.000080266  C
  1     6       0.000209688      -0.000100033       0.000112810  C
  1     6       0.000045813      -0.000043537      -0.000350219  C
  1     6      -0.000081163       0.000059091       0.000016409  C
  1     6      -0.000174289       0.000124073       0.000025616  C
  1     6       0.000070243      -0.000009596      -0.000009497  C
  1     6       0.000158850      -0.000058017      -0.000106286  C
  1     6      -0.000029822      -0.000139883      -0.000106857  C
  1     6      -0.000018433       0.000043692       0.000032546  C
  1     6      -0.000149613       0.000034869      -0.000019782  C
  1     6       0.000062633      -0.000129205       0.000032509  C
  1     6      -0.000144489      -0.000042461      -0.000016020  C
  1     6      -0.000040527      -0.000022255       0.000031099  C
  1     6      -0.000110676       0.000016839       0.000109783  C
  1     6      -0.000081593      -0.000030848       0.000015903  C
  1     6       0.000014559      -0.000203989       0.000017163  C
  1     6      -0.000090428      -0.000163780       0.000111931  C
  1     6       0.000118590       0.000051517       0.000014313  C
  1     6       0.000053574      -0.000178302       0.000028662  C
  1     6      -0.000002797      -0.000140604       0.000033339  C
  1     6      -0.000019984      -0.000214112       0.000150964  C
  1     6       0.000056957      -0.000086388      -0.000010908  C
  1     6      -0.000087328       0.000009176       0.000028018  C
  1     6      -0.000178210       0.000190005       0.000033883  C
  1     6       0.000088789       0.000079833       0.000021813  C
  1     6      -0.000069168       0.000049177      -0.000078316  C
  1     6      -0.000054647      -0.000087275      -0.000163253  C
  1     6      -0.000117204       0.000171302      -0.000163914  C
  1     6       0.000023282       0.000239413      -0.000055653  C
  1     6       0.000081457      -0.000007272      -0.000013242  C
  1     6      -0.000014436      -0.000245609       0.000022236  C
  1     6      -0.000103219       0.000155436      -0.000020534  C
  1     6      -0.000273233       0.000219580       0.000021985  C
  1     6      -0.000151420       0.000083376      -0.000111116  C
  1     6      -0.000092035       0.000017489      -0.000020684  C
  1     6      -0.000036915      -0.000148940       0.000032935  C
  1     6      -0.000006082       0.000153008      -0.000020739  C
  1     6      -0.000088907       0.000084132      -0.000315872  C
  1     6      -0.000182129       0.000001655      -0.000056022  C
  1     6      -0.000062780      -0.000010054       0.000019095  C
  1     6       0.000006409       0.000118259      -0.000078573  C
  1     6       0.000047095       0.000118286      -0.000315710  C
  1     6       0.000046521      -0.000069309      -0.000110987  C
  1     6       0.000043547       0.000063579      -0.000008606  C
  1     6      -0.000129576       0.000089270      -0.000015139  C
  1     6      -0.000115842       0.000015830      -0.000013685  C
  1     6       0.000014773      -0.000019989      -0.000315370  C
  1     6      -0.000075926       0.000140586       0.000022167  C
  1     6      -0.000066846       0.000117654      -0.000090736  C
  1     6       0.000077718       0.000173942      -0.000110045  C
  1     6       0.000005187       0.000174161      -0.000013430  C
  1     6       0.000070506       0.000229736       0.000024546  C
  1     6      -0.000168399       0.000126556       0.000016183  C
  1     6      -0.000045912      -0.000038687       0.000022373  C
  1     6       0.000070193       0.000013160      -0.000019183  C
  1     6       0.000129565       0.000181151      -0.000071012  C
  1     6       0.000065591       0.000152056       0.000066208  C
  1     6      -0.000183732       0.000118241      -0.000071266  C
  1     6       0.000129937      -0.000059534      -0.000054484  C
  1     6       0.000032184       0.000017122      -0.000078066  C
  1     6      -0.000097115       0.000220164       0.000008923  C
  1     6      -0.000105541      -0.000094615       0.000009042  C
  1     6       0.000261003       0.000209247       0.000023881  C
  1     6       0.000127464       0.000165095       0.000017457  C
  1     6      -0.000008675       0.000061837       0.000321836  C
  1     6      -0.000196549       0.000044243       0.000024871  C
  1     6       0.000183096       0.000140871       0.000034863  C
  1     6       0.000075911       0.000152677      -0.000013519  C
  1     6       0.000033389      -0.000048802       0.000067461  C
  1     6      -0.000127543       0.000080983       0.000067286  C
  1     6      -0.000039177       0.000106636      -0.000007801  C
  1     6       0.000142404       0.000098416      -0.000162137  C
  1     6       0.000070045       0.000082229      -0.000088882  C
  1     6       0.000172092       0.000057316       0.000009207  C
  1     6      -0.000028836      -0.000017882      -0.000088934  C
  1     6      -0.000046154       0.000139648       0.000020729  C
  1     6       0.000094543      -0.000088237       0.000024752  C
  1     6       0.000011209      -0.000110234       0.000017294  C
  1     6       0.000077773       0.000052773       0.000021097  C
  1     6       0.000117033       0.000090823      -0.000020013  C
  1     6      -0.000030762       0.000012591      -0.000007861  C
  1     6       0.000025152      -0.000115740      -0.000071314  C
  1     6       0.000028125      -0.000062223      -0.000014683  C
  1     6      -0.000048349      -0.000065593      -0.000019637  C
  1     6       0.000048392       0.000065591      -0.000019641  C
  1     6      -0.000027678       0.000062297      -0.000014684  C
  1     6      -0.000025250       0.000115627      -0.000071350  C
  1     6       0.000030592      -0.000012688      -0.000007851  C
  1     6      -0.000117057      -0.000090791      -0.000020014  C
  1     6      -0.000077628      -0.000052784       0.000021096  C
  1     6      -0.000011129       0.000110155       0.000017303  C
  1     6      -0.000094932       0.000087992       0.000024762  C
  1     6       0.000046029      -0.000139732       0.000020738  C
  1     6       0.000029106       0.000017637      -0.000088936  C
  1     6      -0.000172283      -0.000057733       0.000009210  C
  1     6      -0.000070192      -0.000082409      -0.000088879  C
  1     6      -0.000142474      -0.000098506      -0.000162129  C
  1     6       0.000039316      -0.000106629      -0.000007800  C
  1     6       0.000127599      -0.000081198       0.000067286  C
  1     6      -0.000033558       0.000048679       0.000067458  C
  1     6      -0.000075938      -0.000152680      -0.000013513  C
  1     6      -0.000183064      -0.000140931       0.000034865  C
  1     6       0.000196791      -0.000044320       0.000024880  C
  1     6       0.000008596      -0.000061919       0.000321837  C
  1     6      -0.000127464      -0.000165119       0.000017451  C
  1     6      -0.000261004      -0.000209126       0.000023878  C
  1     6       0.000105470       0.000094474       0.000009047  C
  1     6       0.000097013      -0.000220162       0.000008936  C
  1     6      -0.000032154      -0.000017118      -0.000078074  C
  1     6      -0.000129934       0.000059615      -0.000054487  C
  1     6       0.000183687      -0.000118266      -0.000071262  C
  1     6      -0.000065639      -0.000152110       0.000066211  C
  1     6      -0.000129547      -0.000181125      -0.000071004  C
  1     6      -0.000070205      -0.000013109      -0.000019183  C
  1     6       0.000045896       0.000038697       0.000022375  C
  1     6       0.000168299      -0.000126664       0.000016184  C
  1     6      -0.000070530      -0.000229737       0.000024552  C
  1     6      -0.000005115      -0.000174119      -0.000013415  C
  1     6      -0.000077674      -0.000173783      -0.000110044  C
  1     6       0.000066858      -0.000117653      -0.000090736  C
  1     6       0.000075937      -0.000140623       0.000022159  C
  1     6      -0.000014704       0.000020112      -0.000315365  C
  1     6       0.000115835      -0.000015683      -0.000013676  C
  1     6       0.000129493      -0.000089288      -0.000015145  C
  1     6      -0.000043549      -0.000063635      -0.000008609  C
  1     6      -0.000046401       0.000069294      -0.000110989  C
  1     6      -0.000047035      -0.000118162      -0.000315710  C
  1     6      -0.000006412      -0.000118319      -0.000078570  C
  1     6       0.000062765       0.000010016       0.000019094  C
  1     6       0.000182236      -0.000001599      -0.000056025  C
  1     6       0.000089164      -0.000083976      -0.000315868  C
  1     6       0.000005955      -0.000152931      -0.000020745  C
  1     6       0.000036915       0.000148996       0.000032946  C
  1     6       0.000092335      -0.000017135      -0.000020684  C
  1     6       0.000151434      -0.000083157      -0.000111110  C
  1     6       0.000273018      -0.000219568       0.000021986  C
  1     6       0.000103238      -0.000155377      -0.000020532  C
  1     6       0.000014678       0.000245854       0.000022244  C
  1     6      -0.000081354       0.000007416      -0.000013237  C
  1     6      -0.000023602      -0.000239310      -0.000055653  C
  1     6       0.000117125      -0.000171311      -0.000163911  C
  1     6       0.000054730       0.000087281      -0.000163252  C
  1     6       0.000069447      -0.000048982      -0.000078301  C
  1     6      -0.000089022      -0.000079820       0.000021811  C
  1     6       0.000177914      -0.000189995       0.000033880  C
