              -6108.2483273544
         -0.000176773       0.000000002       0.000000000
          0.000000002      -0.000176777      -0.000000000
         -0.000000000      -0.000000000      -0.000026642
         508
  1     6       0.000168969       0.000006549       0.000195491  C
  1     6      -0.000034054      -0.000168379       0.000175278  C
  1     6      -0.000046890      -0.000037183       0.000140007  C
  1     6       0.000078581       0.000164538       0.000119278  C
  1     6       0.000072018       0.000149646       0.000176446  C
  1     6       0.000069459       0.000196145       0.000206812  C
  1     6      -0.000095558       0.000211264       0.000195737  C
  1     6       0.000072669      -0.000046458       0.000319510  C
  1     6       0.000137974      -0.000066288       0.000115288  C
  1     6      -0.000041647       0.000106766       0.000123568  C
  1     6       0.000133862       0.000044593       0.000204013  C
  1     6       0.000054990       0.000094781       0.000218977  C
  1     6       0.000002172       0.000147756       0.000319923  C
  1     6       0.000200918       0.000155110       0.000116829  C
  1     6      -0.000060529      -0.000202799       0.000274114  C
  1     6       0.000076967      -0.000176549       0.000267242  C
  1     6       0.000074533       0.000189582       0.000092833  C
  1     6       0.000064650      -0.000009596       0.000268886  C
  1     6       0.000200630       0.000105807       0.000274573  C
  1     6       0.000140557       0.000193088       0.000060400  C
  1     6       0.000080752      -0.000133842       0.000206372  C
  1     6       0.000076372      -0.000088022       0.000129263  C
  1     6      -0.000001641      -0.000053715       0.000090791  C
  1     6       0.000073297       0.000102173       0.000296634  C
  1     6       0.000026869       0.000165120       0.000129496  C
  1     6       0.000155453       0.000111529       0.000175935  C
  1     6       0.000021560      -0.000106651       0.000071825  C
  1     6       0.000001460      -0.000069886       0.000218341  C
  1     6       0.000149466       0.000113282       0.000199660  C
  1     6       0.000005753       0.000006559       0.000044617  C
  1     6      -0.000183579       0.000126209       0.000199933  C
  1     6      -0.000022437       0.000209901       0.000116091  C
  1     6      -0.000068352       0.000119387       0.000055791  C
  1     6       0.000034188       0.000093999       0.000191247  C
  1     6      -0.000087876      -0.000032426       0.000268427  C
  1     6      -0.000050939      -0.000089428      -0.000007026  C
  1     6       0.000092938       0.000054166      -0.000006725  C
  1     6       0.000105889       0.000208487       0.000268013  C
  1     6       0.000055461       0.000215884       0.000069404  C
  1     6       0.000035787      -0.000083949       0.000073603  C
  1     6       0.000039669      -0.000116276       0.000175916  C
  1     6       0.000001157      -0.000096407       0.000296339  C
  1     6      -0.000023693       0.000024332      -0.000152960  C
  1     6       0.000032729       0.000081201       0.000091272  C
  1     6       0.000039223       0.000034313       0.000140575  C
  1     6      -0.000125532       0.000050675       0.000095796  C
  1     6       0.000007564       0.000014861       0.000083129  C
  1     6      -0.000078779      -0.000121191       0.000203576  C
  1     6      -0.000045829       0.000007139       0.000044582  C
  1     6      -0.000023671       0.000057167       0.000044691  C
  1     6      -0.000091292      -0.000032404       0.000123807  C
  1     6      -0.000049119       0.000094086      -0.000012152  C
  1     6      -0.000056752       0.000289186       0.000051947  C
  1     6      -0.000134907       0.000028951       0.000034289  C
  1     6       0.000075679      -0.000144605       0.000092994  C
  1     6      -0.000104053       0.000108921      -0.000007029  C
  1     6      -0.000215564       0.000028726       0.000092356  C
  1     6       0.000212897       0.000000672       0.000170816  C
  1     6      -0.000035732       0.000013880      -0.000054420  C
  1     6      -0.000077869      -0.000092385       0.000062977  C
  1     6       0.000050770      -0.000128691       0.000119341  C
  1     6      -0.000096374       0.000044722       0.000090775  C
  1     6      -0.000140173       0.000067467       0.000296297  C
  1     6      -0.000201737       0.000042068       0.000119066  C
  1     6      -0.000129030      -0.000115986      -0.000015218  C
  1     6      -0.000080873       0.000000331       0.000114817  C
  1     6      -0.000258852       0.000118847       0.000115853  C
  1     6       0.000062259      -0.000000350       0.000123396  C
  1     6      -0.000025986      -0.000166301       0.000199459  C
  1     6      -0.000123988       0.000147719       0.000203498  C
  1     6       0.000174510       0.000187441       0.000116004  C
  1     6      -0.000040552       0.000107395       0.000110976  C
  1     6      -0.000112445       0.000182224       0.000171952  C
  1     6      -0.000117809       0.000244477       0.000170528  C
  1     6      -0.000244154       0.000043670       0.000267146  C
  1     6      -0.000036097       0.000114904       0.000268063  C
  1     6       0.000036362       0.000124437       0.000033825  C
  1     6       0.000162073       0.000025384       0.000171820  C
  1     6       0.000195010      -0.000180113       0.000298790  C
  1     6       0.000154204       0.000004259      -0.000015272  C
  1     6      -0.000059433       0.000080634       0.000140107  C
  1     6      -0.000168523      -0.000002410       0.000129052  C
  1     6      -0.000180301       0.000044327       0.000175562  C
  1     6      -0.000097781       0.000133997       0.000062271  C
  1     6      -0.000307218      -0.000059326       0.000298594  C
  1     6      -0.000081364      -0.000032105       0.000110964  C
  1     6      -0.000067240      -0.000029881      -0.000012288  C
  1     6      -0.000178527      -0.000066079       0.000115253  C
  1     6      -0.000115526       0.000055280       0.000217620  C
  1     6      -0.000049097       0.000008372       0.000082052  C
  1     6      -0.000013047       0.000089205       0.000114336  C
  1     6       0.000047833       0.000312008       0.000298745  C
  1     6       0.000000659       0.000017779      -0.000054466  C
  1     6      -0.000226080      -0.000002160       0.000069195  C
  1     6      -0.000202787       0.000179663       0.000273816  C
  1     6       0.000008622      -0.000055935       0.000190780  C
  1     6       0.000225669      -0.000077692       0.000051303  C
  1     6       0.000057478      -0.000002683       0.000110731  C
  1     6       0.000031295      -0.000015927       0.000114952  C
  1     6       0.000012138      -0.000081905       0.000095234  C
  1     6      -0.000181011       0.000138362       0.000175321  C
  1     6      -0.000211050       0.000019857       0.000205939  C
  1     6      -0.000145019       0.000031770       0.000073064  C
  1     6      -0.000025338       0.000043613      -0.000054827  C
  1     6      -0.000113811      -0.000137713       0.000171911  C
  1     6      -0.000235622      -0.000136877       0.000051948  C
  1     6      -0.000078860      -0.000057488       0.000055519  C
  1     6      -0.000137104      -0.000011424       0.000319326  C
  1     6      -0.000157115       0.000058922       0.000070963  C
  1     6       0.000055746       0.000101489       0.000095062  C
  1     6      -0.000091260       0.000183267      -0.000015539  C
  1     6       0.000111399       0.000031256       0.000063009  C
  1     6       0.000047532       0.000131795       0.000073254  C
  1     6      -0.000246642       0.000088883       0.000060016  C
  1     6      -0.000028760      -0.000226521       0.000116419  C
  1     6       0.000081704       0.000017798       0.000054689  C
  1     6       0.000048379       0.000011052      -0.000012894  C
  1     6       0.000014461      -0.000231450       0.000115946  C
  1     6      -0.000022692       0.000054849       0.000083029  C
  1     6       0.000078904       0.000131094       0.000071660  C
  1     6      -0.000140772      -0.000120673       0.000195485  C
  1     6       0.000042682      -0.000192324       0.000059864  C
  1     6       0.000106031      -0.000132998       0.000068401  C
  1     6      -0.000163768      -0.000171066       0.000170668  C
  1     6       0.000032450      -0.000078961       0.000034067  C
  1     6      -0.000107089       0.000039610       0.000191613  C
  1     6      -0.000241280       0.000165035       0.000116754  C
  1     6       0.000241248      -0.000165073       0.000116750  C
  1     6       0.000107099      -0.000039644       0.000191612  C
  1     6      -0.000032459       0.000078953       0.000034071  C
  1     6       0.000163761       0.000171058       0.000170671  C
  1     6      -0.000106066       0.000132988       0.000068399  C
  1     6      -0.000042658       0.000192315       0.000059861  C
  1     6       0.000140790       0.000120691       0.000195481  C
  1     6      -0.000078872      -0.000131097       0.000071661  C
  1     6       0.000022722      -0.000054857       0.000083027  C
  1     6      -0.000014450       0.000231416       0.000115944  C
  1     6      -0.000048371      -0.000011073      -0.000012892  C
  1     6      -0.000081682      -0.000017791       0.000054683  C
  1     6       0.000028795       0.000226541       0.000116420  C
  1     6       0.000246655      -0.000088833       0.000060013  C
  1     6      -0.000047524      -0.000131772       0.000073258  C
  1     6      -0.000111404      -0.000031229       0.000063004  C
  1     6       0.000091259      -0.000183231      -0.000015545  C
  1     6      -0.000055760      -0.000101475       0.000095059  C
  1     6       0.000157121      -0.000058908       0.000070965  C
  1     6       0.000137064       0.000011405       0.000319320  C
  1     6       0.000078817       0.000057463       0.000055522  C
  1     6       0.000235641       0.000136878       0.000051942  C
  1     6       0.000113831       0.000137740       0.000171908  C
  1     6       0.000025615      -0.000043620      -0.000054818  C
  1     6       0.000145027      -0.000031730       0.000073064  C
  1     6       0.000211085      -0.000019868       0.000205943  C
  1     6       0.000181028      -0.000138380       0.000175319  C
  1     6      -0.000012112       0.000081876       0.000095232  C
  1     6      -0.000031309       0.000015883       0.000114950  C
  1     6      -0.000057552       0.000002611       0.000110728  C
  1     6      -0.000225740       0.000077660       0.000051311  C
  1     6      -0.000008673       0.000055920       0.000190780  C
  1     6       0.000202779      -0.000179677       0.000273817  C
  1     6       0.000226070       0.000002188       0.000069197  C
  1     6      -0.000000674      -0.000017788      -0.000054473  C
  1     6      -0.000047782      -0.000312032       0.000298745  C
  1     6       0.000013130      -0.000089192       0.000114334  C
  1     6       0.000049165      -0.000008335       0.000082051  C
  1     6       0.000115561      -0.000055296       0.000217618  C
  1     6       0.000178555       0.000066075       0.000115249  C
  1     6       0.000067233       0.000029903      -0.000012287  C
  1     6       0.000081362       0.000032157       0.000110965  C
  1     6       0.000307178       0.000059365       0.000298596  C
  1     6       0.000097725      -0.000133970       0.000062268  C
  1     6       0.000180245      -0.000044323       0.000175556  C
  1     6       0.000168483       0.000002351       0.000129049  C
  1     6       0.000059417      -0.000080655       0.000140109  C
  1     6      -0.000154227      -0.000004302      -0.000015273  C
  1     6      -0.000195049       0.000180060       0.000298788  C
  1     6      -0.000162044      -0.000025392       0.000171819  C
  1     6      -0.000036316      -0.000124439       0.000033823  C
  1     6       0.000036165      -0.000114902       0.000268062  C
  1     6       0.000244219      -0.000043654       0.000267146  C
  1     6       0.000117838      -0.000244483       0.000170525  C
  1     6       0.000112459      -0.000182226       0.000171954  C
  1     6       0.000040598      -0.000107382       0.000110975  C
  1     6      -0.000174495      -0.000187415       0.000115998  C
  1     6       0.000123955      -0.000147681       0.000203492  C
  1     6       0.000025953       0.000166353       0.000199455  C
  1     6      -0.000062276       0.000000371       0.000123392  C
  1     6       0.000258836      -0.000118834       0.000115853  C
  1     6       0.000080841      -0.000000325       0.000114815  C
  1     6       0.000129015       0.000115962      -0.000015221  C
  1     6       0.000201714      -0.000042102       0.000119068  C
  1     6       0.000140107      -0.000067493       0.000296292  C
  1     6       0.000096351      -0.000044736       0.000090775  C
  1     6      -0.000050766       0.000128694       0.000119339  C
  1     6       0.000077845       0.000092379       0.000062974  C
  1     6       0.000035719      -0.000013897      -0.000054423  C
  1     6      -0.000212890      -0.000000647       0.000170817  C
  1     6       0.000215547      -0.000028747       0.000092356  C
  1     6       0.000104066      -0.000108919      -0.000007032  C
  1     6      -0.000075687       0.000144600       0.000092996  C
  1     6       0.000134895      -0.000028974       0.000034284  C
  1     6       0.000056782      -0.000289189       0.000051951  C
  1     6       0.000049181      -0.000094072      -0.000012151  C
  1     6       0.000091335       0.000032411       0.000123799  C
  1     6       0.000023702      -0.000057137       0.000044688  C
  1     6       0.000045873      -0.000007127       0.000044580  C
  1     6       0.000078815       0.000121201       0.000203574  C
  1     6      -0.000007556      -0.000014852       0.000083136  C
  1     6       0.000125518      -0.000050657       0.000095792  C
  1     6      -0.000039256      -0.000034354       0.000140573  C
  1     6      -0.000032769      -0.000081220       0.000091273  C
  1     6       0.000023685      -0.000024336      -0.000152957  C
  1     6      -0.000001130       0.000096447       0.000296334  C
  1     6      -0.000039627       0.000116334       0.000175915  C
  1     6      -0.000035780       0.000083985       0.000073600  C
  1     6      -0.000055428      -0.000215878       0.000069402  C
  1     6      -0.000105866      -0.000208526       0.000268010  C
  1     6      -0.000092909      -0.000054185      -0.000006723  C
  1     6       0.000050919       0.000089405      -0.000007023  C
  1     6       0.000087834       0.000032375       0.000268424  C
  1     6      -0.000034269      -0.000094029       0.000191253  C
  1     6       0.000068283      -0.000119381       0.000055789  C
  1     6       0.000022391      -0.000209929       0.000116089  C
  1     6       0.000183501      -0.000126220       0.000199938  C
  1     6      -0.000005775      -0.000006509       0.000044609  C
  1     6      -0.000149468      -0.000113274       0.000199657  C
  1     6      -0.000001431       0.000069874       0.000218346  C
  1     6      -0.000021507       0.000106679       0.000071823  C
  1     6      -0.000155428      -0.000111551       0.000175939  C
  1     6      -0.000026835      -0.000165107       0.000129492  C
  1     6      -0.000073394      -0.000102125       0.000296635  C
  1     6       0.000001683       0.000053757       0.000090790  C
  1     6      -0.000076354       0.000088084       0.000129262  C
  1     6      -0.000080765       0.000133841       0.000206369  C
  1     6      -0.000140606      -0.000193094       0.000060402  C
  1     6      -0.000200655      -0.000105842       0.000274570  C
  1     6      -0.000064702       0.000009627       0.000268888  C
  1     6      -0.000074543      -0.000189615       0.000092834  C
  1     6      -0.000076989       0.000176538       0.000267243  C
  1     6       0.000060512       0.000202758       0.000274115  C
  1     6      -0.000200872      -0.000155120       0.000116832  C
  1     6      -0.000002128      -0.000147738       0.000319925  C
  1     6      -0.000054926      -0.000094781       0.000218973  C
  1     6      -0.000133831      -0.000044616       0.000204013  C
  1     6       0.000041662      -0.000106786       0.000123573  C
  1     6      -0.000137958       0.000066292       0.000115285  C
  1     6      -0.000072626       0.000046475       0.000319511  C
  1     6       0.000095529      -0.000211252       0.000195733  C
  1     6      -0.000069509      -0.000196109       0.000206803  C
  1     6      -0.000072061      -0.000149627       0.000176448  C
  1     6      -0.000078611      -0.000164500       0.000119274  C
  1     6       0.000046883       0.000037198       0.000140006  C
  1     6       0.000034001       0.000168375       0.000175276  C
  1     6      -0.000168997      -0.000006573       0.000195492  C
  1     6       0.000069124       0.000252823      -0.000060014  C
  1     6       0.000131651       0.000183768      -0.000069216  C
  1     6      -0.000132353       0.000237032      -0.000170493  C
  1     6       0.000053781       0.000127073      -0.000034308  C
  1     6      -0.000096670       0.000026137      -0.000191234  C
  1     6      -0.000242359      -0.000075202      -0.000116827  C
  1     6       0.000003530       0.000292245      -0.000116786  C
  1     6       0.000092346       0.000031482      -0.000055516  C
  1     6       0.000063090       0.000037875       0.000012285  C
  1     6       0.000051610       0.000280147      -0.000115867  C
  1     6      -0.000016430       0.000002341      -0.000083128  C
  1     6       0.000075046      -0.000079051      -0.000071838  C
  1     6      -0.000117930       0.000199389      -0.000195751  C
  1     6      -0.000152611       0.000010934      -0.000071644  C
  1     6       0.000060065      -0.000056951      -0.000095255  C
  1     6      -0.000092148      -0.000123774       0.000015277  C
  1     6       0.000120370       0.000010537      -0.000062971  C
  1     6       0.000048062      -0.000077615      -0.000073603  C
  1     6      -0.000238905      -0.000004203      -0.000060411  C
  1     6      -0.000135186       0.000036819      -0.000073244  C
  1     6      -0.000015039       0.000009733       0.000054458  C
  1     6      -0.000084519       0.000196743      -0.000171950  C
  1     6      -0.000204123       0.000212695      -0.000051969  C
  1     6      -0.000058492       0.000124692      -0.000055800  C
  1     6      -0.000122174       0.000083422      -0.000319937  C
  1     6       0.000029021       0.000110334      -0.000191590  C
  1     6       0.000247532       0.000113937      -0.000051932  C
  1     6       0.000073068       0.000048129      -0.000110963  C
  1     6       0.000046258       0.000066385      -0.000114829  C
  1     6       0.000030751       0.000131860      -0.000095785  C
  1     6      -0.000180520      -0.000063030      -0.000175940  C
  1     6      -0.000200396       0.000055908      -0.000206798  C
  1     6      -0.000031947       0.000049955      -0.000083031  C
  1     6      -0.000005104      -0.000034802      -0.000114946  C
  1     6       0.000035249      -0.000263146      -0.000298774  C
  1     6       0.000009126       0.000037219       0.000054429  C
  1     6      -0.000208534       0.000078678      -0.000069399  C
  1     6      -0.000202006      -0.000103427      -0.000274568  C
  1     6      -0.000089421      -0.000073308      -0.000062999  C
  1     6      -0.000282746       0.000140252      -0.000298761  C
  1     6      -0.000064571       0.000094908      -0.000110963  C
  1     6      -0.000048680       0.000094264       0.000012173  C
  1     6      -0.000158934       0.000139118      -0.000116109  C
  1     6      -0.000109039       0.000009697      -0.000218968  C
  1     6       0.000045880      -0.000072015      -0.000034083  C
  1     6       0.000178034       0.000013953      -0.000171911  C
  1     6       0.000225119       0.000217251      -0.000298595  C
  1     6       0.000169096       0.000038553       0.000015228  C
  1     6      -0.000050481      -0.000012394      -0.000140579  C
  1     6      -0.000150363       0.000072903      -0.000129491  C
  1     6      -0.000163825       0.000027035      -0.000176436  C
  1     6       0.000181081      -0.000144696      -0.000115953  C
  1     6      -0.000030978      -0.000048504      -0.000110731  C
  1     6      -0.000114132      -0.000117924      -0.000171837  C
  1     6      -0.000122885      -0.000173954      -0.000170826  C
  1     6      -0.000231658       0.000033200      -0.000268002  C
  1     6      -0.000029520      -0.000058657      -0.000268889  C
  1     6      -0.000097511       0.000179992       0.000015538  C
  1     6      -0.000065598       0.000061970      -0.000114336  C
  1     6      -0.000253695      -0.000035253      -0.000116000  C
  1     6       0.000079330       0.000055875      -0.000123801  C
  1     6       0.000002314       0.000222817      -0.000199949  C
  1     6      -0.000113407      -0.000083771      -0.000204022  C
  1     6       0.000234134       0.000035637      -0.000170649  C
  1     6      -0.000021338       0.000045703       0.000054819  C
  1     6      -0.000053568       0.000156899      -0.000062289  C
  1     6       0.000081766       0.000189257      -0.000119053  C
  1     6      -0.000085256       0.000019867      -0.000091249  C
  1     6      -0.000125749      -0.000001345      -0.000296631  C
  1     6      -0.000179762       0.000030314      -0.000119273  C
  1     6      -0.000036956      -0.000033205       0.000012897  C
  1     6      -0.000066179      -0.000229010      -0.000051300  C
  1     6      -0.000122886       0.000042073      -0.000033833  C
  1     6       0.000100427       0.000193164      -0.000092366  C
  1     6      -0.000097875      -0.000044981       0.000006715  C
  1     6      -0.000198009       0.000047897      -0.000092835  C
  1     6      -0.000114912       0.000012771      -0.000095060  C
  1     6       0.000021409       0.000044844      -0.000082049  C
  1     6      -0.000049551       0.000186171      -0.000203513  C
  1     6      -0.000033144       0.000052189      -0.000044683  C
  1     6      -0.000008774      -0.000000921      -0.000044602  C
  1     6      -0.000063389       0.000095525      -0.000123566  C
  1     6       0.000047822      -0.000163259      -0.000068409  C
  1     6       0.000057446       0.000137073      -0.000073057  C
  1     6       0.000067244       0.000173098      -0.000175561  C
  1     6       0.000025337       0.000153757      -0.000296293  C
  1     6      -0.000006439       0.000033438       0.000152957  C
  1     6       0.000044953      -0.000029422      -0.000090787  C
  1     6       0.000057286       0.000017006      -0.000139993  C
  1     6      -0.000061295      -0.000056529      -0.000054692  C
  1     6       0.000040790      -0.000039257      -0.000190780  C
  1     6      -0.000073443       0.000095766      -0.000268065  C
  1     6      -0.000029285       0.000147821       0.000007012  C
  1     6       0.000102477      -0.000009675       0.000007025  C
  1     6       0.000100241      -0.000164546      -0.000267252  C
  1     6       0.000042266       0.000162287      -0.000070975  C
  1     6       0.000021015       0.000125990      -0.000217635  C
  1     6       0.000150882      -0.000074508      -0.000199446  C
  1     6       0.000020349       0.000041617      -0.000044592  C
  1     6      -0.000178665      -0.000057235      -0.000199666  C
  1     6      -0.000025054      -0.000150986      -0.000115310  C
  1     6       0.000132880      -0.000145475      -0.000059847  C
  1     6       0.000105119       0.000184127      -0.000205912  C
  1     6       0.000098740       0.000136575      -0.000129030  C
  1     6       0.000018882       0.000104618      -0.000090770  C
  1     6       0.000078283      -0.000056293      -0.000296316  C
  1     6       0.000028135      -0.000113032      -0.000129268  C
  1     6       0.000157317      -0.000068855      -0.000175296  C
  1     6       0.000201899      -0.000106621      -0.000116421  C
  1     6      -0.000030548       0.000268925      -0.000273805  C
  1     6       0.000104565       0.000224989      -0.000267131  C
  1     6       0.000074799      -0.000145023      -0.000092997  C
  1     6       0.000076996       0.000053322      -0.000268423  C
  1     6       0.000200655      -0.000067088      -0.000274138  C
  1     6       0.000088062       0.000105461      -0.000319313  C
  1     6       0.000156733       0.000108015      -0.000115274  C
  1     6      -0.000035475      -0.000051289      -0.000123390  C
  1     6       0.000144415      -0.000005189      -0.000203584  C
  1     6       0.000056416      -0.000041378      -0.000218336  C
  1     6      -0.000003680      -0.000086193      -0.000319502  C
  1     6       0.000179578       0.000045696      -0.000195499  C
  1     6      -0.000009161       0.000227744      -0.000175312  C
  1     6      -0.000031858       0.000094929      -0.000140112  C
  1     6       0.000076159      -0.000115618      -0.000119332  C
  1     6       0.000072365      -0.000099292      -0.000175897  C
  1     6       0.000063068      -0.000142967      -0.000206377  C
  1     6      -0.000102441      -0.000134456      -0.000195455  C
  1     6       0.000102422       0.000134423      -0.000195455  C
  1     6      -0.000063125       0.000143014      -0.000206386  C
  1     6      -0.000072361       0.000099289      -0.000175897  C
  1     6      -0.000076121       0.000115517      -0.000119335  C
  1     6       0.000031863      -0.000095010      -0.000140113  C
  1     6       0.000009158      -0.000227727      -0.000175317  C
  1     6      -0.000179598      -0.000045693      -0.000195496  C
  1     6       0.000003775       0.000086126      -0.000319500  C
  1     6      -0.000056387       0.000041389      -0.000218328  C
  1     6      -0.000144433       0.000005240      -0.000203593  C
  1     6       0.000035484       0.000051271      -0.000123387  C
  1     6      -0.000156720      -0.000108046      -0.000115270  C
  1     6      -0.000088039      -0.000105455      -0.000319317  C
  1     6      -0.000200566       0.000067134      -0.000274134  C
  1     6      -0.000076947      -0.000053284      -0.000268423  C
  1     6      -0.000074820       0.000145115      -0.000092998  C
  1     6      -0.000104579      -0.000224919      -0.000267131  C
  1     6       0.000030459      -0.000269229      -0.000273805  C
  1     6      -0.000201943       0.000106500      -0.000116416  C
  1     6      -0.000157323       0.000068956      -0.000175296  C
  1     6      -0.000028198       0.000113178      -0.000129256  C
  1     6      -0.000078278       0.000056317      -0.000296321  C
  1     6      -0.000018866      -0.000104608      -0.000090768  C
  1     6      -0.000098840      -0.000136584      -0.000129041  C
  1     6      -0.000105040      -0.000184282      -0.000205913  C
  1     6      -0.000132776       0.000145472      -0.000059850  C
  1     6       0.000025163       0.000150974      -0.000115302  C
  1     6       0.000178615       0.000057181      -0.000199666  C
  1     6      -0.000020380      -0.000041669      -0.000044594  C
  1     6      -0.000151010       0.000074438      -0.000199449  C
  1     6      -0.000021185      -0.000126221      -0.000217644  C
  1     6      -0.000042141      -0.000162285      -0.000070977  C
  1     6      -0.000100205       0.000164568      -0.000267245  C
  1     6      -0.000102446       0.000009763       0.000007026  C
  1     6       0.000029276      -0.000147661       0.000007012  C
  1     6       0.000073206      -0.000095578      -0.000268075  C
  1     6      -0.000040794       0.000039164      -0.000190779  C
  1     6       0.000061522       0.000056502      -0.000054695  C
  1     6      -0.000057305      -0.000016917      -0.000139993  C
  1     6      -0.000045034       0.000029623      -0.000090792  C
  1     6       0.000006397      -0.000033382       0.000152957  C
  1     6      -0.000025238      -0.000153300      -0.000296292  C
  1     6      -0.000067306      -0.000172995      -0.000175555  C
  1     6      -0.000057314      -0.000136962      -0.000073059  C
  1     6      -0.000047870       0.000163229      -0.000068409  C
  1     6       0.000063515      -0.000095416      -0.000123564  C
  1     6       0.000008713       0.000000881      -0.000044600  C
  1     6       0.000033307      -0.000052058      -0.000044685  C
  1     6       0.000049522      -0.000186112      -0.000203519  C
  1     6      -0.000021400      -0.000044899      -0.000082038  C
  1     6       0.000114879      -0.000012665      -0.000095058  C
  1     6       0.000197864      -0.000047963      -0.000092833  C
  1     6       0.000097987       0.000045034       0.000006718  C
  1     6      -0.000100489      -0.000193110      -0.000092366  C
  1     6       0.000122511      -0.000041600      -0.000033828  C
  1     6       0.000066135       0.000229241      -0.000051305  C
  1     6       0.000036927       0.000033186       0.000012900  C
  1     6       0.000179686      -0.000030352      -0.000119275  C
  1     6       0.000125870       0.000001405      -0.000296626  C
  1     6       0.000085168      -0.000020156      -0.000091251  C
  1     6      -0.000081505      -0.000189492      -0.000119054  C
  1     6       0.000053338      -0.000156940      -0.000062284  C
  1     6       0.000021107      -0.000045704       0.000054831  C
  1     6      -0.000234039      -0.000035526      -0.000170647  C
  1     6       0.000113447       0.000083798      -0.000204022  C
  1     6      -0.000002131      -0.000222871      -0.000199943  C
  1     6      -0.000078815      -0.000055937      -0.000123797  C
  1     6       0.000253877       0.000034851      -0.000115998  C
  1     6       0.000065449      -0.000061989      -0.000114335  C
  1     6       0.000097432      -0.000179986       0.000015537  C
  1     6       0.000029444       0.000058516      -0.000268886  C
  1     6       0.000231528      -0.000033285      -0.000268000  C
  1     6       0.000122661       0.000173909      -0.000170818  C
  1     6       0.000113786       0.000117978      -0.000171835  C
  1     6       0.000031087       0.000048547      -0.000110734  C
  1     6      -0.000180874       0.000144692      -0.000115954  C
  1     6       0.000163921      -0.000026963      -0.000176436  C
  1     6       0.000150530      -0.000073042      -0.000129498  C
  1     6       0.000050631       0.000012767      -0.000140568  C
  1     6      -0.000169048      -0.000038955       0.000015224  C
  1     6      -0.000225117      -0.000217175      -0.000298595  C
  1     6      -0.000178032      -0.000013937      -0.000171909  C
  1     6      -0.000046007       0.000071928      -0.000034091  C
  1     6       0.000108991      -0.000009634      -0.000218967  C
  1     6       0.000158913      -0.000139081      -0.000116105  C
  1     6       0.000048962      -0.000094379       0.000012174  C
  1     6       0.000064586      -0.000094999      -0.000110966  C
  1     6       0.000282742      -0.000140330      -0.000298761  C
  1     6       0.000089487       0.000073112      -0.000062998  C
  1     6       0.000201885       0.000103181      -0.000274575  C
  1     6       0.000208535      -0.000078555      -0.000069398  C
  1     6      -0.000009274      -0.000037403       0.000054423  C
  1     6      -0.000035225       0.000263071      -0.000298779  C
  1     6       0.000005091       0.000034739      -0.000114950  C
  1     6       0.000031883      -0.000050000      -0.000083027  C
  1     6       0.000200262      -0.000055931      -0.000206802  C
  1     6       0.000180700       0.000062823      -0.000175944  C
  1     6      -0.000030794      -0.000132064      -0.000095794  C
  1     6      -0.000046075      -0.000066275      -0.000114826  C
  1     6      -0.000073017      -0.000048060      -0.000110965  C
  1     6      -0.000247449      -0.000114033      -0.000051931  C
  1     6      -0.000029117      -0.000110428      -0.000191593  C
  1     6       0.000122023      -0.000083053      -0.000319932  C
  1     6       0.000058594      -0.000124874      -0.000055801  C
  1     6       0.000204302      -0.000212595      -0.000051970  C
  1     6       0.000084460      -0.000196800      -0.000171947  C
  1     6       0.000014950      -0.000009773       0.000054453  C
  1     6       0.000135133      -0.000036923      -0.000073228  C
  1     6       0.000238798       0.000004451      -0.000060409  C
  1     6      -0.000047974       0.000077799      -0.000073601  C
  1     6      -0.000120292      -0.000010665      -0.000062964  C
  1     6       0.000092185       0.000123648       0.000015275  C
  1     6      -0.000060043       0.000056896      -0.000095248  C
  1     6       0.000152565      -0.000010924      -0.000071648  C
  1     6       0.000117939      -0.000199407      -0.000195745  C
  1     6      -0.000075029       0.000079209      -0.000071842  C
  1     6       0.000016471      -0.000002269      -0.000083125  C
  1     6      -0.000051592      -0.000280035      -0.000115867  C
  1     6      -0.000063071      -0.000037806       0.000012289  C
  1     6      -0.000092351      -0.000031484      -0.000055511  C
  1     6      -0.000003569      -0.000292177      -0.000116783  C
  1     6       0.000242327       0.000075285      -0.000116828  C
  1     6       0.000096633      -0.000026078      -0.000191223  C
  1     6      -0.000053839      -0.000127087      -0.000034309  C
  1     6       0.000132325      -0.000237005      -0.000170501  C
  1     6      -0.000131692      -0.000183779      -0.000069215  C
  1     6      -0.000069141      -0.000252836      -0.000060016  C
