              -6108.2494745134
         -0.000176584       0.000000022      -0.000000000
          0.000000022      -0.000176630      -0.000000001
         -0.000000000      -0.000000001      -0.000028203
         508
  1     6      -0.000113009      -0.000062613      -0.000099747  C
  1     6      -0.000127395      -0.000017797       0.000128663  C
  1     6       0.000067697       0.000070563       0.000054542  C
  1     6      -0.000038413       0.000139748      -0.000008951  C
  1     6      -0.000147473      -0.000048327      -0.000120916  C
  1     6      -0.000169853      -0.000227618      -0.000197720  C
  1     6      -0.000233196      -0.000088193      -0.000016537  C
  1     6      -0.000100526       0.000093452      -0.000227603  C
  1     6       0.000193038       0.000081244      -0.000080121  C
  1     6      -0.000067829      -0.000007967      -0.000019866  C
  1     6      -0.000048058       0.000122273      -0.000208683  C
  1     6      -0.000150663      -0.000008260      -0.000080487  C
  1     6      -0.000025901      -0.000146452      -0.000074158  C
  1     6      -0.000131149       0.000229940      -0.000133896  C
  1     6       0.000045970       0.000078644       0.000248201  C
  1     6       0.000000439      -0.000071730      -0.000120217  C
  1     6      -0.000016579       0.000086105       0.000022403  C
  1     6      -0.000030532      -0.000050181       0.000213274  C
  1     6      -0.000103349       0.000068707      -0.000225672  C
  1     6       0.000016805       0.000059831      -0.000074937  C
  1     6       0.000052981      -0.000005257       0.000036080  C
  1     6       0.000202422       0.000054916       0.000012168  C
  1     6       0.000188817      -0.000046155       0.000104941  C
  1     6       0.000068407      -0.000215454      -0.000051479  C
  1     6      -0.000024247      -0.000139198       0.000035477  C
  1     6      -0.000067277       0.000134962      -0.000033552  C
  1     6      -0.000073424      -0.000004067       0.000028895  C
  1     6       0.000094487       0.000076136       0.000206281  C
  1     6       0.000018368       0.000099815       0.000006732  C
  1     6      -0.000085212      -0.000236969      -0.000054466  C
  1     6      -0.000076010      -0.000144434       0.000209912  C
  1     6       0.000106690      -0.000144497      -0.000050512  C
  1     6       0.000078416       0.000117982       0.000134704  C
  1     6       0.000104713       0.000258376       0.000120136  C
  1     6      -0.000043006       0.000324651      -0.000050363  C
  1     6       0.000025600      -0.000026990       0.000220455  C
  1     6      -0.000009956      -0.000035266       0.000299985  C
  1     6       0.000136030      -0.000033020      -0.000085730  C
  1     6       0.000036204      -0.000116644      -0.000051299  C
  1     6      -0.000055174      -0.000002691       0.000005126  C
  1     6       0.000144899       0.000361957      -0.000062302  C
  1     6      -0.000181889       0.000026381       0.000349908  C
  1     6      -0.000167213       0.000001852       0.000036606  C
  1     6       0.000129264      -0.000077968      -0.000149238  C
  1     6      -0.000079063       0.000041248       0.000117363  C
  1     6       0.000009793       0.000248886      -0.000031782  C
  1     6       0.000309049       0.000066905       0.000050378  C
  1     6      -0.000080969      -0.000114073      -0.000010969  C
  1     6      -0.000047478      -0.000128909      -0.000202718  C
  1     6      -0.000018025      -0.000112141      -0.000083452  C
  1     6       0.000037935      -0.000248794      -0.000100255  C
  1     6      -0.000017284       0.000076086      -0.000126648  C
  1     6      -0.000131517       0.000012607       0.000067434  C
  1     6      -0.000291825      -0.000127568      -0.000160418  C
  1     6      -0.000110279       0.000063983       0.000048686  C
  1     6      -0.000005074      -0.000025181       0.000019368  C
  1     6      -0.000172571       0.000056518      -0.000021734  C
  1     6       0.000154166       0.000111645       0.000097466  C
  1     6      -0.000012298      -0.000050348      -0.000249156  C
  1     6       0.000112664       0.000015490       0.000088664  C
  1     6      -0.000058087       0.000077897       0.000213252  C
  1     6      -0.000168364       0.000021624      -0.000012950  C
  1     6      -0.000074070      -0.000036280       0.000171908  C
  1     6       0.000007521      -0.000011332       0.000039578  C
  1     6       0.000027594       0.000153859      -0.000032295  C
  1     6      -0.000057907      -0.000103309       0.000186827  C
  1     6       0.000035286      -0.000061403       0.000196266  C
  1     6      -0.000155988       0.000000419      -0.000016553  C
  1     6       0.000019054      -0.000094041       0.000039457  C
  1     6       0.000174992       0.000029692       0.000109129  C
  1     6       0.000235902      -0.000025321       0.000017766  C
  1     6      -0.000036128      -0.000351331       0.000249069  C
  1     6       0.000081712      -0.000171762      -0.000065798  C
  1     6      -0.000037176      -0.000108967       0.000039682  C
  1     6       0.000080668       0.000054407       0.000088604  C
  1     6       0.000008888      -0.000026350      -0.000060775  C
  1     6      -0.000078864       0.000087766       0.000121429  C
  1     6      -0.000115426      -0.000145445       0.000060512  C
  1     6      -0.000130515      -0.000114732      -0.000085375  C
  1     6       0.000078421      -0.000174806       0.000272019  C
  1     6      -0.000050181       0.000013538      -0.000066814  C
  1     6       0.000099987      -0.000001711       0.000180125  C
  1     6       0.000036664      -0.000061920       0.000064745  C
  1     6       0.000008635      -0.000031618       0.000003430  C
  1     6       0.000078143       0.000000919       0.000146519  C
  1     6      -0.000018316       0.000003051      -0.000083222  C
  1     6       0.000263885      -0.000054648      -0.000118100  C
  1     6       0.000068756      -0.000025290       0.000287236  C
  1     6      -0.000030811       0.000289696      -0.000057403  C
  1     6       0.000141066       0.000140285       0.000158695  C
  1     6      -0.000185093       0.000149404       0.000174553  C
  1     6       0.000105413       0.000087983      -0.000140382  C
  1     6       0.000086297       0.000072504       0.000177040  C
  1     6       0.000229699       0.000063040       0.000157506  C
  1     6       0.000280546       0.000094434      -0.000045005  C
  1     6       0.000088828       0.000045062      -0.000022659  C
  1     6      -0.000124533       0.000125193       0.000046236  C
  1     6      -0.000170259       0.000092926       0.000159101  C
  1     6      -0.000025638       0.000051608       0.000025146  C
  1     6       0.000091664       0.000179006      -0.000135477  C
  1     6       0.000214820       0.000031887      -0.000136343  C
  1     6      -0.000003055      -0.000237139       0.000218502  C
  1     6       0.000166644      -0.000099371      -0.000087462  C
  1     6       0.000257304      -0.000144162      -0.000206955  C
  1     6      -0.000109537       0.000051178      -0.000206874  C
  1     6       0.000181992       0.000109109      -0.000227682  C
  1     6       0.000111626      -0.000052229      -0.000086969  C
  1     6      -0.000201573      -0.000011070      -0.000232037  C
  1     6      -0.000148848      -0.000068255      -0.000002834  C
  1     6      -0.000088602      -0.000267295       0.000017202  C
  1     6      -0.000191320      -0.000179538      -0.000176519  C
  1     6       0.000187014       0.000023014       0.000120402  C
  1     6       0.000084696      -0.000180166       0.000077771  C
  1     6       0.000089905      -0.000221173      -0.000163592  C
  1     6       0.000105796       0.000051318       0.000050344  C
  1     6      -0.000052894      -0.000081757       0.000118800  C
  1     6       0.000037638      -0.000030062       0.000242924  C
  1     6      -0.000108784       0.000034220       0.000214475  C
  1     6      -0.000108285       0.000066163      -0.000022094  C
  1     6      -0.000244132      -0.000113897       0.000117500  C
  1     6      -0.000085451      -0.000062645       0.000172991  C
  1     6      -0.000245651      -0.000040616       0.000033499  C
  1     6      -0.000007852      -0.000050429       0.000170341  C
  1     6      -0.000253540       0.000143680      -0.000127338  C
  1     6      -0.000037206       0.000000074      -0.000084552  C
  1     6       0.000159547       0.000067926      -0.000005546  C
  1     6       0.000138127       0.000089372      -0.000061217  C
  1     6       0.000124646       0.000066962      -0.000162623  C
  1     6      -0.000095012       0.000077932      -0.000138306  C
  1     6      -0.000024698      -0.000084543      -0.000003947  C
  1     6       0.000049793       0.000015561       0.000069635  C
  1     6      -0.000020448       0.000065297       0.000031960  C
  1     6       0.000135230      -0.000103361      -0.000137882  C
  1     6       0.000252467      -0.000036164      -0.000200937  C
  1     6       0.000070642      -0.000073544      -0.000033353  C
  1     6      -0.000091765      -0.000111148      -0.000070427  C
  1     6       0.000016258      -0.000145179      -0.000088785  C
  1     6      -0.000001940      -0.000153638      -0.000189664  C
  1     6      -0.000039769      -0.000104763       0.000074256  C
  1     6      -0.000028439       0.000078281       0.000108409  C
  1     6       0.000113810      -0.000191806      -0.000193665  C
  1     6      -0.000220387      -0.000202430      -0.000053333  C
  1     6      -0.000068657       0.000066262       0.000188528  C
  1     6       0.000126151       0.000041970       0.000337276  C
  1     6       0.000130269      -0.000065578       0.000006441  C
  1     6       0.000206661       0.000001651       0.000008390  C
  1     6       0.000097593      -0.000079466       0.000063954  C
  1     6      -0.000088713      -0.000003738      -0.000059235  C
  1     6      -0.000010153       0.000035617      -0.000070225  C
  1     6       0.000066860       0.000117502      -0.000090435  C
  1     6      -0.000187015       0.000101419      -0.000011836  C
  1     6      -0.000123049       0.000248870      -0.000111202  C
  1     6      -0.000131797      -0.000141253      -0.000152214  C
  1     6      -0.000239793      -0.000074367      -0.000180437  C
  1     6      -0.000239202       0.000095767      -0.000321590  C
  1     6      -0.000153597       0.000056699      -0.000164801  C
  1     6      -0.000111540      -0.000009075      -0.000014640  C
  1     6       0.000161660       0.000148101       0.000050410  C
  1     6      -0.000124203       0.000003517       0.000169873  C
  1     6      -0.000062199       0.000003371      -0.000156570  C
  1     6      -0.000068655      -0.000134333      -0.000031348  C
  1     6       0.000014145      -0.000078088       0.000262336  C
  1     6       0.000021578       0.000056947       0.000127688  C
  1     6       0.000100280       0.000024438       0.000064715  C
  1     6      -0.000202920      -0.000172139      -0.000059008  C
  1     6      -0.000064152      -0.000158120      -0.000071051  C
  1     6      -0.000178343      -0.000077131       0.000093193  C
  1     6      -0.000083043      -0.000114954      -0.000265443  C
  1     6       0.000161688       0.000153699      -0.000130447  C
  1     6       0.000102850       0.000178801      -0.000087936  C
  1     6      -0.000117570       0.000143551      -0.000068129  C
  1     6      -0.000065443      -0.000114835      -0.000158144  C
  1     6       0.000031977      -0.000072350      -0.000256516  C
  1     6       0.000023792      -0.000209900      -0.000313890  C
  1     6       0.000000509      -0.000021819       0.000033911  C
  1     6       0.000075188       0.000186197      -0.000108946  C
  1     6       0.000033805       0.000131556       0.000114198  C
  1     6      -0.000180691      -0.000058078       0.000037625  C
  1     6       0.000145926      -0.000073753       0.000066626  C
  1     6      -0.000230240      -0.000054420       0.000046545  C
  1     6       0.000164609      -0.000107314       0.000125887  C
  1     6       0.000200609      -0.000030937       0.000191293  C
  1     6      -0.000108565       0.000046715       0.000130334  C
  1     6       0.000044047       0.000042192      -0.000029795  C
  1     6      -0.000130842       0.000076651      -0.000038876  C
  1     6      -0.000033182       0.000082560       0.000134337  C
  1     6       0.000017763       0.000183253       0.000137900  C
  1     6       0.000230863       0.000045454       0.000071586  C
  1     6       0.000233647      -0.000138098      -0.000111103  C
  1     6       0.000078556      -0.000129823       0.000133560  C
  1     6      -0.000065507       0.000025878       0.000085889  C
  1     6       0.000008136       0.000152601       0.000107210  C
  1     6       0.000059613       0.000164795      -0.000120973  C
  1     6      -0.000028322       0.000135902      -0.000074071  C
  1     6       0.000013349      -0.000025048      -0.000038465  C
  1     6       0.000158808       0.000037991      -0.000119981  C
  1     6      -0.000044074      -0.000041511      -0.000020420  C
  1     6      -0.000101653      -0.000063838       0.000062527  C
  1     6      -0.000067051       0.000163778      -0.000039892  C
  1     6      -0.000214753       0.000151006      -0.000034911  C
  1     6       0.000192424      -0.000049662      -0.000097171  C
  1     6      -0.000034336       0.000055735      -0.000042452  C
  1     6      -0.000049880       0.000094143      -0.000060321  C
  1     6       0.000084934       0.000062818      -0.000055767  C
  1     6      -0.000011311       0.000043795      -0.000084709  C
  1     6       0.000170017       0.000026809       0.000103036  C
  1     6      -0.000140610       0.000077449      -0.000030355  C
  1     6      -0.000084178      -0.000059287      -0.000138776  C
  1     6      -0.000074084      -0.000133611      -0.000121973  C
  1     6      -0.000112700      -0.000153321      -0.000204333  C
  1     6      -0.000061782      -0.000001874      -0.000012411  C
  1     6       0.000049125       0.000009443      -0.000091038  C
  1     6      -0.000002098      -0.000079434      -0.000090297  C
  1     6      -0.000165614      -0.000081730      -0.000193864  C
  1     6       0.000031273       0.000014722      -0.000164465  C
  1     6       0.000162274      -0.000069810      -0.000085682  C
  1     6       0.000120631      -0.000029887      -0.000113002  C
  1     6       0.000163979       0.000139443       0.000056010  C
  1     6      -0.000165590      -0.000025608       0.000027332  C
  1     6      -0.000132566      -0.000237758      -0.000120597  C
  1     6      -0.000146170       0.000001776      -0.000090124  C
  1     6      -0.000118564       0.000015015      -0.000004890  C
  1     6      -0.000206781       0.000141291      -0.000192463  C
  1     6       0.000052371      -0.000040606       0.000098202  C
  1     6       0.000164313      -0.000076151      -0.000028425  C
  1     6      -0.000073557      -0.000142186       0.000091744  C
  1     6       0.000009588      -0.000143474       0.000137312  C
  1     6      -0.000080127      -0.000171131      -0.000173593  C
  1     6       0.000134947       0.000089171      -0.000158827  C
  1     6       0.000088093       0.000037828      -0.000233880  C
  1     6       0.000021328       0.000142034      -0.000000445  C
  1     6      -0.000034404      -0.000032866       0.000143030  C
  1     6      -0.000124062       0.000141514       0.000074621  C
  1     6      -0.000132181      -0.000058783       0.000001251  C
  1     6       0.000099123      -0.000056024      -0.000124635  C
  1     6       0.000099813       0.000075808      -0.000195124  C
  1     6      -0.000028257       0.000056113       0.000012678  C
  1     6       0.000118002      -0.000052736       0.000126332  C
  1     6      -0.000075150      -0.000055298       0.000179272  C
  1     6      -0.000032140       0.000153005      -0.000226846  C
  1     6       0.000165653       0.000225714      -0.000088248  C
  1     6       0.000139432       0.000134191      -0.000024348  C
  1     6      -0.000058084       0.000279483      -0.000127871  C
  1     6       0.000262820      -0.000045577      -0.000037215  C
  1     6       0.000070868      -0.000182714      -0.000032152  C
  1     6      -0.000156150      -0.000221449       0.000067308  C
  1     6       0.000106949       0.000225973      -0.000024032  C
  1     6      -0.000006356       0.000126777      -0.000189480  C
  1     6       0.000260114       0.000179364      -0.000236309  C
  1     6       0.000012299       0.000305011      -0.000014603  C
  1     6       0.000069263      -0.000070873       0.000242593  C
  1     6       0.000278113       0.000037987      -0.000114656  C
  1     6       0.000165315       0.000088657      -0.000073644  C
  1     6      -0.000183358      -0.000101419      -0.000106163  C
  1     6      -0.000062825      -0.000043824       0.000343865  C
  1     6       0.000056588      -0.000008126       0.000011683  C
  1     6      -0.000163598      -0.000042126       0.000147021  C
  1     6      -0.000209707       0.000154502       0.000075089  C
  1     6       0.000097209       0.000110464      -0.000107275  C
  1     6      -0.000154964      -0.000043165       0.000037734  C
  1     6       0.000019689      -0.000088454      -0.000076065  C
  1     6       0.000080709      -0.000039385       0.000001030  C
  1     6      -0.000007566       0.000095657      -0.000198938  C
  1     6       0.000049373      -0.000011181      -0.000142503  C
  1     6      -0.000168719       0.000053605       0.000072439  C
  1     6      -0.000088939       0.000213818      -0.000036548  C
  1     6       0.000095080      -0.000009577       0.000039246  C
  1     6       0.000057526       0.000038464       0.000208604  C
  1     6       0.000081661       0.000065661       0.000166984  C
  1     6      -0.000077042       0.000068186       0.000159383  C
  1     6       0.000024437      -0.000199189      -0.000147324  C
  1     6       0.000068454       0.000159558      -0.000123156  C
  1     6      -0.000189757      -0.000179640       0.000206725  C
  1     6       0.000308794       0.000229683       0.000069084  C
  1     6       0.000067777      -0.000121570       0.000042382  C
  1     6      -0.000012906       0.000027525      -0.000101683  C
  1     6       0.000082202      -0.000180503      -0.000030045  C
  1     6       0.000004703      -0.000068670      -0.000190151  C
  1     6       0.000018364       0.000007025      -0.000129725  C
  1     6       0.000295662       0.000084941       0.000041364  C
  1     6       0.000139841       0.000060805       0.000063990  C
  1     6       0.000005710      -0.000098455      -0.000081206  C
  1     6      -0.000008407       0.000027157      -0.000225307  C
  1     6       0.000116437      -0.000049409       0.000007348  C
  1     6      -0.000047634       0.000018038       0.000097474  C
  1     6       0.000117080       0.000059968       0.000105855  C
  1     6       0.000149096       0.000008674       0.000266062  C
  1     6       0.000110568      -0.000150430       0.000119076  C
  1     6      -0.000085092      -0.000112732       0.000166623  C
  1     6       0.000214089       0.000035008      -0.000146432  C
  1     6       0.000215123      -0.000201739      -0.000014675  C
  1     6       0.000027238       0.000187057       0.000204131  C
  1     6      -0.000061547       0.000083109      -0.000080772  C
  1     6      -0.000014224       0.000010309      -0.000358802  C
  1     6       0.000160202       0.000042878      -0.000238570  C
  1     6       0.000093885      -0.000161163       0.000063328  C
  1     6       0.000146252      -0.000084510      -0.000039592  C
  1     6       0.000079933       0.000103956      -0.000066066  C
  1     6       0.000061531       0.000085655      -0.000109968  C
  1     6      -0.000086877       0.000070326      -0.000195530  C
  1     6      -0.000164632       0.000007753      -0.000118100  C
  1     6       0.000173470      -0.000145358      -0.000265802  C
  1     6       0.000146406      -0.000130002      -0.000024446  C
  1     6      -0.000033016      -0.000104356       0.000054323  C
  1     6       0.000290597       0.000194546       0.000034869  C
  1     6      -0.000018951      -0.000134404       0.000069853  C
  1     6       0.000018141      -0.000084971       0.000006256  C
  1     6       0.000003928       0.000063217       0.000250488  C
  1     6       0.000195929      -0.000135443      -0.000009518  C
  1     6       0.000088521       0.000056713       0.000055013  C
  1     6       0.000006110       0.000117575      -0.000126806  C
  1     6      -0.000113346       0.000195931      -0.000217557  C
  1     6      -0.000112751       0.000023132      -0.000171084  C
  1     6       0.000048966       0.000024829       0.000026870  C
  1     6       0.000017057      -0.000034575      -0.000030549  C
  1     6      -0.000021000       0.000029422      -0.000058111  C
  1     6       0.000217501       0.000111435      -0.000102467  C
  1     6       0.000254266       0.000118731      -0.000188312  C
  1     6      -0.000146918      -0.000025719      -0.000108932  C
  1     6       0.000108707       0.000173251       0.000139950  C
  1     6       0.000161163       0.000008252      -0.000076117  C
  1     6      -0.000022319       0.000057559      -0.000024275  C
  1     6       0.000053463      -0.000033936       0.000046981  C
  1     6       0.000062517      -0.000152258       0.000034545  C
  1     6      -0.000154570      -0.000139005       0.000011703  C
  1     6       0.000125699       0.000047754       0.000009671  C
  1     6      -0.000017171      -0.000009670       0.000091954  C
  1     6       0.000086242       0.000041444       0.000127889  C
  1     6      -0.000045375      -0.000169969      -0.000090544  C
  1     6       0.000082396      -0.000023104      -0.000161153  C
  1     6      -0.000129263       0.000129588       0.000053605  C
  1     6       0.000022680      -0.000067994      -0.000103588  C
  1     6       0.000093823       0.000140750      -0.000100144  C
  1     6      -0.000171636       0.000033446      -0.000051805  C
  1     6       0.000074504       0.000059460      -0.000030294  C
  1     6       0.000228021      -0.000035646      -0.000079711  C
  1     6       0.000027586       0.000156478       0.000015825  C
  1     6      -0.000095033       0.000072949      -0.000104551  C
  1     6       0.000084680       0.000074019      -0.000044117  C
  1     6      -0.000130902      -0.000083178       0.000006621  C
  1     6       0.000008115       0.000118838      -0.000101763  C
  1     6       0.000031151      -0.000093925      -0.000079129  C
  1     6      -0.000090583      -0.000177278      -0.000264797  C
  1     6      -0.000004947      -0.000047731       0.000045637  C
  1     6       0.000089490      -0.000094502       0.000037941  C
  1     6      -0.000020357      -0.000034943       0.000235126  C
  1     6      -0.000106450       0.000135513       0.000104764  C
  1     6       0.000019400      -0.000108625      -0.000214895  C
  1     6       0.000176801       0.000161351      -0.000062294  C
  1     6      -0.000155176      -0.000067059      -0.000087674  C
  1     6       0.000072937      -0.000024219       0.000038617  C
  1     6      -0.000002957       0.000076893      -0.000080000  C
  1     6      -0.000174284       0.000208794       0.000240723  C
  1     6       0.000206684       0.000081678       0.000043505  C
  1     6      -0.000042033       0.000102040      -0.000082217  C
  1     6      -0.000021070       0.000113115       0.000038160  C
  1     6       0.000083372      -0.000101321       0.000071655  C
  1     6      -0.000007473       0.000086046       0.000329014  C
  1     6       0.000021179      -0.000134314      -0.000166575  C
  1     6       0.000066267       0.000061657       0.000055904  C
  1     6       0.000103663      -0.000076941       0.000031280  C
  1     6       0.000116276      -0.000038540       0.000083053  C
  1     6      -0.000084872       0.000011665       0.000209980  C
  1     6       0.000087201      -0.000248026       0.000188721  C
  1     6      -0.000061462      -0.000015388       0.000169523  C
  1     6      -0.000197714      -0.000104665       0.000003174  C
  1     6       0.000091139       0.000121437      -0.000229895  C
  1     6      -0.000031889      -0.000013813      -0.000103879  C
  1     6      -0.000038202       0.000000242       0.000067319  C
  1     6       0.000037376      -0.000188392       0.000023876  C
  1     6      -0.000066732      -0.000079795      -0.000128320  C
  1     6       0.000055344       0.000014257       0.000099865  C
  1     6       0.000052824       0.000190017       0.000244752  C
  1     6       0.000015072       0.000147735      -0.000050743  C
  1     6      -0.000048180      -0.000132541       0.000210537  C
  1     6      -0.000031581       0.000024303       0.000222806  C
  1     6       0.000001567      -0.000022092       0.000136311  C
  1     6       0.000041902       0.000128045       0.000059929  C
  1     6      -0.000060582       0.000172133      -0.000023332  C
  1     6      -0.000128842       0.000203924       0.000048301  C
  1     6       0.000001917      -0.000126662       0.000302058  C
  1     6       0.000207336       0.000054339       0.000033796  C
  1     6      -0.000034902      -0.000119321      -0.000036721  C
  1     6       0.000107777      -0.000084121      -0.000173551  C
  1     6       0.000172822      -0.000028865      -0.000087123  C
  1     6       0.000035053      -0.000022719       0.000047653  C
  1     6       0.000260788      -0.000091957       0.000158200  C
  1     6      -0.000071531      -0.000053500      -0.000001452  C
  1     6      -0.000117126      -0.000028781      -0.000144834  C
  1     6       0.000012749       0.000032086      -0.000073737  C
  1     6      -0.000041271      -0.000008376      -0.000024124  C
  1     6       0.000207834       0.000039294       0.000141647  C
  1     6      -0.000045152       0.000021790       0.000049159  C
  1     6       0.000007801      -0.000043482       0.000082856  C
  1     6      -0.000164771      -0.000105759       0.000113981  C
  1     6      -0.000010632      -0.000085623      -0.000071614  C
  1     6       0.000108168      -0.000043619       0.000074955  C
  1     6      -0.000061081      -0.000040277       0.000103588  C
  1     6       0.000142832      -0.000132427       0.000145626  C
  1     6       0.000068286       0.000139507      -0.000042614  C
  1     6      -0.000104137      -0.000279107       0.000047818  C
  1     6      -0.000161383      -0.000209837      -0.000008637  C
  1     6       0.000041803       0.000069166       0.000117855  C
  1     6      -0.000109772      -0.000116141       0.000142954  C
  1     6      -0.000002789       0.000077929       0.000109003  C
  1     6       0.000082944       0.000178619       0.000230079  C
  1     6       0.000118201      -0.000096880      -0.000187439  C
  1     6      -0.000067169      -0.000040819      -0.000032539  C
  1     6      -0.000163680      -0.000065986      -0.000085030  C
  1     6      -0.000040208       0.000200146       0.000034103  C
  1     6       0.000061120       0.000230912       0.000055070  C
  1     6      -0.000150783       0.000073135       0.000015614  C
  1     6       0.000045199       0.000070366       0.000135727  C
  1     6      -0.000255158      -0.000047418       0.000116886  C
  1     6       0.000141957       0.000025570      -0.000030774  C
  1     6      -0.000063063       0.000098785      -0.000060934  C
  1     6      -0.000092297       0.000130553       0.000169818  C
  1     6       0.000066179       0.000073148       0.000189033  C
  1     6      -0.000251300      -0.000103441      -0.000048200  C
  1     6      -0.000072808      -0.000188404       0.000038133  C
  1     6       0.000016142       0.000048451       0.000149340  C
  1     6       0.000016959      -0.000002179      -0.000018363  C
  1     6      -0.000137786       0.000077651       0.000129728  C
  1     6      -0.000286561       0.000283519       0.000020584  C
  1     6       0.000078076      -0.000111973       0.000269522  C
  1     6      -0.000112192      -0.000032351      -0.000016173  C
  1     6      -0.000000582       0.000047200      -0.000106864  C
  1     6       0.000224687       0.000024505      -0.000000121  C
  1     6       0.000073125      -0.000037180       0.000093080  C
  1     6      -0.000138732       0.000132505       0.000025383  C
  1     6      -0.000059157       0.000003791      -0.000166624  C
  1     6       0.000011906      -0.000038166       0.000033669  C
  1     6       0.000016723       0.000113675       0.000007274  C
  1     6      -0.000090773      -0.000075677      -0.000101664  C
  1     6      -0.000083430       0.000035543      -0.000010567  C
  1     6      -0.000143672       0.000159691       0.000063824  C
  1     6       0.000065406      -0.000019136       0.000077554  C
  1     6      -0.000100275      -0.000280640       0.000024229  C
  1     6      -0.000021024      -0.000043619       0.000202701  C
  1     6      -0.000073033      -0.000131712      -0.000109143  C
  1     6       0.000065019      -0.000106226       0.000185984  C
  1     6      -0.000247151      -0.000021832      -0.000008386  C
  1     6      -0.000060313       0.000068456      -0.000008478  C
  1     6       0.000099360       0.000020270       0.000000745  C
  1     6      -0.000033858      -0.000072489       0.000013448  C
  1     6      -0.000060877      -0.000076844       0.000242481  C
  1     6       0.000146455       0.000023120       0.000203706  C
  1     6      -0.000165692      -0.000091499      -0.000098075  C
  1     6       0.000115181       0.000125009      -0.000209049  C
  1     6       0.000082163       0.000061902       0.000038413  C
  1     6      -0.000183606       0.000141062       0.000008415  C
  1     6      -0.000021773       0.000076655      -0.000003884  C
  1     6      -0.000121228      -0.000029914       0.000008804  C
  1     6      -0.000030621       0.000023895      -0.000070967  C
  1     6      -0.000099031      -0.000081033       0.000042252  C
  1     6       0.000216186      -0.000038711      -0.000016254  C
  1     6      -0.000226279       0.000097236      -0.000110131  C
  1     6       0.000002091      -0.000108154       0.000125408  C
  1     6       0.000075386      -0.000112145       0.000194482  C
  1     6      -0.000145241      -0.000014734      -0.000096138  C
  1     6      -0.000023778      -0.000177132      -0.000152600  C
  1     6      -0.000101423      -0.000001010      -0.000086621  C
  1     6      -0.000136042      -0.000045018       0.000262095  C
  1     6      -0.000035117       0.000048676      -0.000012421  C
  1     6       0.000059721       0.000042410       0.000206903  C
  1     6      -0.000045990      -0.000092212      -0.000090144  C
  1     6      -0.000114316      -0.000126607       0.000107296  C
  1     6       0.000185331      -0.000173423       0.000012094  C
  1     6       0.000112508       0.000004166       0.000066826  C
  1     6      -0.000244066       0.000072950       0.000165654  C
  1     6      -0.000072474       0.000020823       0.000015894  C
  1     6      -0.000007503       0.000081041      -0.000091003  C
  1     6      -0.000049886      -0.000040023      -0.000048038  C
  1     6       0.000146402       0.000013756      -0.000030994  C
  1     6      -0.000052938       0.000077392       0.000114100  C
  1     6      -0.000156093       0.000084478       0.000116850  C
  1     6      -0.000133111      -0.000042361       0.000119853  C
  1     6      -0.000042736       0.000087802      -0.000146268  C
  1     6      -0.000193524      -0.000066205      -0.000134200  C
  1     6       0.000197912       0.000062941      -0.000027682  C
  1     6      -0.000098203      -0.000057140      -0.000223628  C
  1     6      -0.000160463       0.000048668       0.000150463  C
  1     6       0.000025545      -0.000054864      -0.000079214  C
  1     6      -0.000018556      -0.000071620       0.000023254  C
  1     6      -0.000019081      -0.000025871      -0.000030702  C
  1     6      -0.000005205      -0.000062798      -0.000078975  C
  1     6       0.000069657      -0.000127772      -0.000108376  C
  1     6      -0.000093625      -0.000181017      -0.000084737  C
  1     6      -0.000240167       0.000068259       0.000004933  C
  1     6      -0.000002818       0.000085472      -0.000055913  C
  1     6      -0.000019347       0.000134142       0.000182652  C
  1     6       0.000018482      -0.000007290       0.000033627  C
  1     6      -0.000035277       0.000057808       0.000006624  C
  1     6      -0.000027049      -0.000075042      -0.000038012  C
  1     6      -0.000033015      -0.000006648       0.000037615  C
  1     6       0.000066588       0.000175191       0.000027195  C
  1     6       0.000017031       0.000068165       0.000012691  C
  1     6       0.000003405       0.000052834      -0.000118857  C
  1     6       0.000082575      -0.000101172      -0.000067328  C
  1     6      -0.000059390       0.000031198       0.000064751  C
  1     6      -0.000070169      -0.000053118       0.000085837  C
  1     6       0.000046860      -0.000068948       0.000092509  C
  1     6      -0.000035069       0.000079005      -0.000088017  C
  1     6      -0.000084872      -0.000137369      -0.000077181  C
  1     6      -0.000143368       0.000045514      -0.000153880  C
  1     6       0.000098058       0.000067548       0.000087843  C
  1     6      -0.000028069      -0.000253551      -0.000063979  C
  1     6       0.000120710       0.000157175       0.000106224  C
