             -10436.8845799523
         -0.000177062       0.000000024       0.000000000
          0.000000024      -0.000177094       0.000000000
          0.000000000       0.000000000      -0.000028007
         868
  1     6      -0.000046718      -0.000125694      -0.000028086  C
  1     6      -0.000025364       0.000206320       0.000037086  C
  1     6      -0.000071132       0.000105295       0.000060329  C
  1     6      -0.000078218      -0.000020202      -0.000028211  C
  1     6      -0.000265464      -0.000108187       0.000008595  C
  1     6      -0.000079728      -0.000100298       0.000053048  C
  1     6       0.000008102       0.000045228       0.000036663  C
  1     6       0.000037735       0.000185258      -0.000062371  C
  1     6       0.000140909      -0.000028921      -0.000028135  C
  1     6      -0.000068723       0.000032606      -0.000006470  C
  1     6       0.000122227       0.000189334      -0.000004015  C
  1     6       0.000192925       0.000150633       0.000035493  C
  1     6      -0.000264000      -0.000059859       0.000075971  C
  1     6      -0.000073216       0.000063599      -0.000012997  C
  1     6       0.000089968       0.000161364       0.000079856  C
  1     6      -0.000079317       0.000094156       0.000023701  C
  1     6       0.000008050      -0.000114780      -0.000006529  C
  1     6      -0.000000851      -0.000138555      -0.000024480  C
  1     6      -0.000057397       0.000145145      -0.000032257  C
  1     6      -0.000243594       0.000185429      -0.000055416  C
  1     6      -0.000152632       0.000011617       0.000021621  C
  1     6       0.000014470       0.000080175       0.000085724  C
  1     6       0.000200218      -0.000106750      -0.000033504  C
  1     6       0.000262259      -0.000060030      -0.000041191  C
  1     6      -0.000101482      -0.000150094      -0.000032320  C
  1     6       0.000178863      -0.000144685       0.000126192  C
  1     6       0.000173364      -0.000149075      -0.000062341  C
  1     6      -0.000052160       0.000148230       0.000054760  C
  1     6       0.000044365       0.000093849       0.000088823  C
  1     6      -0.000200033       0.000089619      -0.000057958  C
  1     6      -0.000164116      -0.000007589       0.000069387  C
  1     6       0.000125978      -0.000075139      -0.000021373  C
  1     6      -0.000111085      -0.000138617       0.000054619  C
  1     6      -0.000165599      -0.000154124       0.000036898  C
  1     6       0.000077529      -0.000122252      -0.000083233  C
  1     6       0.000146722      -0.000001510       0.000023691  C
  1     6      -0.000010858       0.000031244       0.000023537  C
  1     6      -0.000029305      -0.000114852       0.000026962  C
  1     6      -0.000048570      -0.000044020      -0.000012452  C
  1     6      -0.000035505       0.000150152      -0.000003945  C
  1     6      -0.000026904      -0.000038843       0.000023483  C
  1     6      -0.000233984      -0.000008840      -0.000003988  C
  1     6       0.000083515      -0.000101058       0.000027167  C
  1     6       0.000141168      -0.000087605       0.000032262  C
  1     6      -0.000171594      -0.000212485      -0.000041191  C
  1     6      -0.000136180      -0.000022502       0.000041940  C
  1     6      -0.000116023      -0.000020770       0.000057011  C
  1     6       0.000135623       0.000017378       0.000139054  C
  1     6       0.000084345      -0.000123175       0.000041909  C
  1     6      -0.000048226      -0.000322554      -0.000055451  C
  1     6      -0.000125030       0.000052225      -0.000021374  C
  1     6       0.000198351      -0.000129147       0.000013566  C
  1     6       0.000063534      -0.000050912       0.000036736  C
  1     6      -0.000119432      -0.000080208      -0.000021500  C
  1     6      -0.000055134      -0.000015166      -0.000019725  C
  1     6      -0.000049838      -0.000003728       0.000020184  C
  1     6       0.000035057      -0.000059384      -0.000019816  C
  1     6      -0.000106880      -0.000032494       0.000088818  C
  1     6      -0.000070661      -0.000134990       0.000060048  C
  1     6       0.000034727      -0.000146779       0.000006976  C
  1     6       0.000257363      -0.000071825      -0.000038747  C
  1     6       0.000112848      -0.000176608       0.000079661  C
  1     6       0.000149899      -0.000054133      -0.000004096  C
  1     6       0.000070925       0.000070425       0.000055320  C
  1     6      -0.000098366       0.000006193       0.000055439  C
  1     6       0.000108987       0.000009008       0.000026944  C
  1     6      -0.000235733       0.000065200       0.000035473  C
  1     6      -0.000044602       0.000082805      -0.000123722  C
  1     6      -0.000060152      -0.000015206       0.000023895  C
  1     6       0.000011004      -0.000355120       0.000056563  C
  1     6      -0.000185950      -0.000136274      -0.000033723  C
  1     6      -0.000042720      -0.000132740       0.000139019  C
  1     6       0.000002275      -0.000006925      -0.000072175  C
  1     6       0.000071265      -0.000116579       0.000056999  C
  1     6       0.000065115      -0.000155421       0.000021415  C
  1     6      -0.000062174       0.000077996      -0.000026041  C
  1     6      -0.000115753      -0.000042724       0.000031572  C
  1     6      -0.000010613      -0.000026579      -0.000111222  C
  1     6      -0.000022674       0.000099575       0.000053038  C
  1     6       0.000076370       0.000137781       0.000069475  C
  1     6       0.000040999       0.000035658       0.000020248  C
  1     6       0.000016266      -0.000059730       0.000020072  C
  1     6       0.000024422      -0.000236496      -0.000058060  C
  1     6       0.000052978      -0.000068824      -0.000028166  C
  1     6      -0.000098016      -0.000044654       0.000029703  C
  1     6       0.000105240      -0.000055058      -0.000025190  C
  1     6      -0.000031843       0.000131600       0.000026111  C
  1     6       0.000099490       0.000018644      -0.000013138  C
  1     6      -0.000001597       0.000057300      -0.000012226  C
  1     6       0.000035908      -0.000099372       0.000055509  C
  1     6       0.000060494      -0.000032962      -0.000012194  C
  1     6       0.000192647      -0.000207715       0.000075982  C
  1     6      -0.000057278      -0.000012171      -0.000050711  C
  1     6       0.000013868       0.000055300       0.000053501  C
  1     6       0.000135358       0.000108404      -0.000020886  C
  1     6      -0.000104035       0.000121853      -0.000061494  C
  1     6       0.000062781      -0.000054631       0.000085704  C
  1     6       0.000062012       0.000109225       0.000057147  C
  1     6      -0.000094289       0.000104166       0.000138971  C
  1     6      -0.000064714      -0.000031845       0.000085821  C
  1     6       0.000064526      -0.000180149       0.000082864  C
  1     6      -0.000103497       0.000042342       0.000052923  C
  1     6      -0.000042175       0.000143097      -0.000011020  C
  1     6      -0.000073181       0.000147514       0.000063433  C
  1     6       0.000046971       0.000276659       0.000008423  C
  1     6       0.000193309       0.000125597      -0.000057930  C
  1     6       0.000026631       0.000053200      -0.000019762  C
  1     6       0.000088750      -0.000135060       0.000069536  C
  1     6       0.000238860      -0.000178594       0.000008541  C
  1     6       0.000058567      -0.000215568       0.000024363  C
  1     6       0.000082102       0.000020704      -0.000102359  C
  1     6       0.000088555       0.000255066       0.000013712  C
  1     6      -0.000092450       0.000239808      -0.000003999  C
  1     6       0.000091696       0.000252241       0.000076016  C
  1     6      -0.000061780       0.000080559       0.000027043  C
  1     6      -0.000115876      -0.000103143      -0.000004008  C
  1     6      -0.000016503      -0.000091536      -0.000013078  C
  1     6       0.000273275      -0.000040259      -0.000004081  C
  1     6       0.000142928      -0.000074125      -0.000026001  C
  1     6       0.000145370      -0.000036630       0.000090916  C
  1     6       0.000124029       0.000064568      -0.000021790  C
  1     6       0.000137006       0.000126309       0.000082965  C
  1     6       0.000106471       0.000118287       0.000021451  C
  1     6       0.000065605       0.000127099       0.000042085  C
  1     6      -0.000012768       0.000225365      -0.000033767  C
  1     6       0.000182762       0.000033294      -0.000061507  C
  1     6       0.000006212      -0.000147867      -0.000021754  C
  1     6       0.000032228      -0.000171248      -0.000000150  C
  1     6       0.000123131       0.000061680       0.000032973  C
  1     6       0.000164989       0.000147285       0.000024508  C
  1     6       0.000049272       0.000060116      -0.000028101  C
  1     6       0.000085654      -0.000096019       0.000088960  C
  1     6      -0.000000196       0.000138889      -0.000021488  C
  1     6       0.000121610      -0.000028973       0.000053086  C
  1     6       0.000177546      -0.000011559       0.000063527  C
  1     6       0.000001536      -0.000144525       0.000033149  C
  1     6      -0.000153083      -0.000013116       0.000001349  C
  1     6      -0.000007429       0.000155662      -0.000025969  C
  1     6       0.000049466      -0.000055679      -0.000050637  C
  1     6       0.000067716      -0.000262074       0.000035470  C
  1     6       0.000051999      -0.000020811       0.000023606  C
  1     6      -0.000195619      -0.000015513       0.000079835  C
  1     6       0.000153965      -0.000040368       0.000026089  C
  1     6       0.000184412      -0.000207244       0.000013784  C
  1     6       0.000070614       0.000129685       0.000001511  C
  1     6       0.000131578       0.000107962      -0.000000135  C
  1     6       0.000016621      -0.000116377       0.000052776  C
  1     6      -0.000029144      -0.000110360      -0.000025928  C
  1     6       0.000311140       0.000096728      -0.000055302  C
  1     6      -0.000082117       0.000239995      -0.000041007  C
  1     6      -0.000288572       0.000164860       0.000056672  C
  1     6       0.000038909      -0.000176804      -0.000020798  C
  1     6      -0.000098532      -0.000115467       0.000090892  C
  1     6       0.000091916      -0.000142250       0.000001379  C
  1     6      -0.000053519       0.000058241      -0.000102298  C
  1     6       0.000089164      -0.000072641       0.000029638  C
  1     6       0.000159798      -0.000012433       0.000060246  C
  1     6       0.000177933      -0.000049987       0.000054803  C
  1     6      -0.000055074      -0.000036312       0.000036884  C
  1     6       0.000004726       0.000017234      -0.000111155  C
  1     6       0.000149741      -0.000038669      -0.000010894  C
  1     6      -0.000161900       0.000044284      -0.000000126  C
  1     6      -0.000034370       0.000128691       0.000091017  C
  1     6      -0.000050869      -0.000025016       0.000053703  C
  1     6      -0.000048202      -0.000097431      -0.000123495  C
  1     6       0.000128815      -0.000224208      -0.000003885  C
  1     6      -0.000042493      -0.000143677       0.000023798  C
  1     6      -0.000166162      -0.000190470      -0.000038530  C
  1     6      -0.000085129      -0.000070966      -0.000025112  C
  1     6      -0.000028250      -0.000087356      -0.000102538  C
  1     6      -0.000109640       0.000055440       0.000033153  C
  1     6      -0.000091680      -0.000127284      -0.000011099  C
  1     6       0.000092165      -0.000099424       0.000031864  C
  1     6       0.000024473      -0.000163819      -0.000021251  C
  1     6       0.000187276      -0.000045477      -0.000032024  C
  1     6      -0.000114672      -0.000091368       0.000032460  C
  1     6       0.000036860       0.000054330       0.000024104  C
  1     6       0.000041986      -0.000042654       0.000053640  C
  1     6      -0.000135776      -0.000092045      -0.000025839  C
  1     6      -0.000255508      -0.000071358       0.000013863  C
  1     6      -0.000004783       0.000095309      -0.000025118  C
  1     6       0.000109274       0.000076571       0.000006913  C
  1     6       0.000224454      -0.000107521       0.000037308  C
  1     6      -0.000171740      -0.000092370      -0.000062198  C
  1     6      -0.000185120      -0.000120453       0.000013742  C
  1     6       0.000034887       0.000117233       0.000031743  C
  1     6       0.000084342       0.000063779       0.000052715  C
  1     6      -0.000119661       0.000068786      -0.000021805  C
  1     6      -0.000155526       0.000040077      -0.000020872  C
  1     6       0.000039048      -0.000072206       0.000024086  C
  1     6       0.000049446       0.000080693       0.000027270  C
  1     6       0.000106675       0.000022523      -0.000006344  C
  1     6      -0.000110964      -0.000016710      -0.000082894  C
  1     6      -0.000126280       0.000030244       0.000007153  C
  1     6       0.000012282       0.000095515       0.000029536  C
  1     6      -0.000212473       0.000061654       0.000024542  C
  1     6      -0.000087003      -0.000150658       0.000063493  C
  1     6       0.000031762      -0.000030637      -0.000111310  C
  1     6       0.000005661       0.000201328       0.000013721  C
  1     6       0.000045295       0.000176631       0.000126239  C
  1     6      -0.000071090       0.000051735      -0.000024197  C
  1     6      -0.000100258      -0.000030157       0.000027336  C
  1     6       0.000104494      -0.000018871      -0.000123631  C
  1     6       0.000016973       0.000049414      -0.000050978  C
  1     6      -0.000161019      -0.000206991      -0.000004129  C
  1     6      -0.000096432      -0.000120327       0.000026102  C
  1     6      -0.000072411       0.000217500      -0.000038580  C
  1     6       0.000066585       0.000087578      -0.000082968  C
  1     6      -0.000034899       0.000082382      -0.000028145  C
  1     6      -0.000175704      -0.000095389       0.000126381  C
  1     6       0.000124450       0.000065216      -0.000021293  C
  1     6       0.000106531      -0.000002559      -0.000025907  C
  1     6      -0.000180831       0.000036876       0.000082875  C
  1     6      -0.000052907      -0.000170857      -0.000061525  C
  1     6       0.000297747       0.000149255       0.000056449  C
  1     6      -0.000002062       0.000129119       0.000032437  C
  1     6       0.000123959       0.000021098      -0.000024381  C
  1     6      -0.000123813      -0.000021033      -0.000024377  C
  1     6       0.000002252      -0.000129202       0.000032436  C
  1     6      -0.000297504      -0.000149106       0.000056447  C
  1     6       0.000053255       0.000170901      -0.000061525  C
  1     6       0.000180396      -0.000037316       0.000082872  C
  1     6      -0.000106895       0.000002181      -0.000025911  C
  1     6      -0.000124535      -0.000065272      -0.000021297  C
  1     6       0.000175501       0.000095401       0.000126389  C
  1     6       0.000034944      -0.000082226      -0.000028141  C
  1     6      -0.000066433      -0.000087563      -0.000082964  C
  1     6       0.000072442      -0.000217678      -0.000038576  C
  1     6       0.000096991       0.000120111       0.000026105  C
  1     6       0.000160901       0.000206366      -0.000004127  C
  1     6      -0.000017431      -0.000050127      -0.000050981  C
  1     6      -0.000104379       0.000018511      -0.000123631  C
  1     6       0.000100066       0.000030093       0.000027336  C
  1     6       0.000071160      -0.000051655      -0.000024197  C
  1     6      -0.000045201      -0.000176534       0.000126242  C
  1     6      -0.000005594      -0.000201595       0.000013726  C
  1     6      -0.000031414       0.000030260      -0.000111303  C
  1     6       0.000087233       0.000149940       0.000063487  C
  1     6       0.000211975      -0.000062688       0.000024530  C
  1     6      -0.000012242      -0.000096438       0.000029530  C
  1     6       0.000126389      -0.000030569       0.000007154  C
  1     6       0.000110947       0.000016791      -0.000082893  C
  1     6      -0.000106509      -0.000022369      -0.000006342  C
  1     6      -0.000049429      -0.000080779       0.000027268  C
  1     6      -0.000039055       0.000071846       0.000024075  C
  1     6       0.000155863      -0.000040835      -0.000020866  C
  1     6       0.000119326      -0.000069564      -0.000021811  C
  1     6      -0.000084881      -0.000064873       0.000052718  C
  1     6      -0.000034460      -0.000117922       0.000031735  C
  1     6       0.000184993       0.000120384       0.000013742  C
  1     6       0.000171754       0.000092449      -0.000062190  C
  1     6      -0.000224521       0.000107606       0.000037308  C
  1     6      -0.000109425      -0.000076680       0.000006908  C
  1     6       0.000005036      -0.000095599      -0.000025116  C
  1     6       0.000255606       0.000070795       0.000013857  C
  1     6       0.000135165       0.000091200      -0.000025842  C
  1     6      -0.000041533       0.000041965       0.000053631  C
  1     6      -0.000036216      -0.000054618       0.000024098  C
  1     6       0.000114844       0.000091460       0.000032464  C
  1     6      -0.000187048       0.000045589      -0.000032006  C
  1     6      -0.000024588       0.000163853      -0.000021249  C
  1     6      -0.000092195       0.000099459       0.000031847  C
  1     6       0.000091863       0.000127163      -0.000011094  C
  1     6       0.000109115      -0.000055760       0.000033160  C
  1     6       0.000027994       0.000087217      -0.000102538  C
  1     6       0.000085994       0.000070882      -0.000025113  C
  1     6       0.000166425       0.000190557      -0.000038524  C
  1     6       0.000042653       0.000143943       0.000023799  C
  1     6      -0.000128857       0.000224293      -0.000003887  C
  1     6       0.000047986       0.000097582      -0.000123500  C
  1     6       0.000050989       0.000025193       0.000053699  C
  1     6       0.000034174      -0.000128622       0.000091012  C
  1     6       0.000161068      -0.000044122      -0.000000119  C
  1     6      -0.000149461       0.000038912      -0.000010893  C
  1     6      -0.000004145      -0.000017062      -0.000111154  C
  1     6       0.000055165       0.000036576       0.000036882  C
  1     6      -0.000177962       0.000050185       0.000054806  C
  1     6      -0.000160006       0.000012495       0.000060246  C
  1     6      -0.000089171       0.000072825       0.000029635  C
  1     6       0.000053581      -0.000058017      -0.000102296  C
  1     6      -0.000092529       0.000142526       0.000001379  C
  1     6       0.000098336       0.000116091       0.000090934  C
  1     6      -0.000038496       0.000177289      -0.000020794  C
  1     6       0.000288998      -0.000164459       0.000056675  C
  1     6       0.000082299      -0.000239849      -0.000040972  C
  1     6      -0.000311173      -0.000096747      -0.000055310  C
  1     6       0.000029043       0.000110482      -0.000025922  C
  1     6      -0.000016493       0.000116554       0.000052779  C
  1     6      -0.000131822      -0.000107864      -0.000000132  C
  1     6      -0.000071126      -0.000129031       0.000001515  C
  1     6      -0.000184311       0.000208246       0.000013791  C
  1     6      -0.000153769       0.000041145       0.000026092  C
  1     6       0.000195603       0.000015901       0.000079836  C
  1     6      -0.000052067       0.000020927       0.000023640  C
  1     6      -0.000067835       0.000262033       0.000035468  C
  1     6      -0.000049375       0.000055772      -0.000050627  C
  1     6       0.000007549      -0.000155610      -0.000025963  C
  1     6       0.000152775       0.000013410       0.000001347  C
  1     6      -0.000001493       0.000145040       0.000033149  C
  1     6      -0.000177106       0.000012292       0.000063528  C
  1     6      -0.000121558       0.000029684       0.000053087  C
  1     6       0.000000291      -0.000138792      -0.000021452  C
  1     6      -0.000085785       0.000095940       0.000088958  C
  1     6      -0.000049249      -0.000059964      -0.000028093  C
  1     6      -0.000164904      -0.000147190       0.000024502  C
  1     6      -0.000123176      -0.000061569       0.000032973  C
  1     6      -0.000032275       0.000171838      -0.000000151  C
  1     6      -0.000006011       0.000148513      -0.000021758  C
  1     6      -0.000182733      -0.000032534      -0.000061508  C
  1     6       0.000012356      -0.000225232      -0.000033771  C
  1     6      -0.000065818      -0.000127196       0.000042089  C
  1     6      -0.000106517      -0.000118251       0.000021449  C
  1     6      -0.000137002      -0.000126180       0.000082962  C
  1     6      -0.000124054      -0.000064574      -0.000021791  C
  1     6      -0.000145553       0.000036875       0.000090914  C
  1     6      -0.000142764       0.000074526      -0.000025998  C
  1     6      -0.000273061       0.000040845      -0.000004074  C
  1     6       0.000016122       0.000091697      -0.000013075  C
  1     6       0.000115685       0.000102922      -0.000004014  C
  1     6       0.000061660      -0.000080566       0.000027037  C
  1     6      -0.000091621      -0.000252122       0.000076009  C
  1     6       0.000092475      -0.000239808      -0.000004005  C
  1     6      -0.000088421      -0.000255036       0.000013707  C
  1     6      -0.000081912      -0.000020417      -0.000102362  C
  1     6      -0.000058010       0.000215855       0.000024362  C
  1     6      -0.000238958       0.000178590       0.000008554  C
  1     6      -0.000089269       0.000134876       0.000069535  C
  1     6      -0.000026703      -0.000053332      -0.000019768  C
  1     6      -0.000193273      -0.000125557      -0.000057933  C
  1     6      -0.000046998      -0.000276687       0.000008408  C
  1     6       0.000073092      -0.000147503       0.000063435  C
  1     6       0.000042274      -0.000143012      -0.000011021  C
  1     6       0.000103803      -0.000042229       0.000052923  C
  1     6      -0.000064457       0.000179688       0.000082867  C
  1     6       0.000064246       0.000031263       0.000085818  C
  1     6       0.000094095      -0.000104569       0.000138972  C
  1     6      -0.000062031      -0.000109381       0.000057136  C
  1     6      -0.000062916       0.000054483       0.000085702  C
  1     6       0.000103940      -0.000122057      -0.000061495  C
  1     6      -0.000135359      -0.000108409      -0.000020884  C
  1     6      -0.000013803      -0.000055351       0.000053505  C
  1     6       0.000057494       0.000011636      -0.000050705  C
  1     6      -0.000192903       0.000206861       0.000075990  C
  1     6      -0.000060569       0.000032575      -0.000012192  C
  1     6      -0.000035722       0.000099051       0.000055512  C
  1     6       0.000001673      -0.000057324      -0.000012227  C
  1     6      -0.000099440      -0.000018777      -0.000013132  C
  1     6       0.000031995      -0.000131633       0.000026110  C
  1     6      -0.000105054       0.000055052      -0.000025183  C
  1     6       0.000098134       0.000044343       0.000029715  C
  1     6      -0.000053004       0.000067940      -0.000028167  C
  1     6      -0.000024753       0.000235746      -0.000058063  C
  1     6      -0.000016188       0.000059187       0.000020076  C
  1     6      -0.000040775      -0.000035757       0.000020251  C
  1     6      -0.000076592      -0.000137809       0.000069484  C
  1     6       0.000022647      -0.000099607       0.000053059  C
  1     6       0.000010654       0.000026676      -0.000111227  C
  1     6       0.000115579       0.000042748       0.000031651  C
  1     6       0.000062028      -0.000078594      -0.000026038  C
  1     6      -0.000065409       0.000154826       0.000021420  C
  1     6      -0.000071322       0.000115827       0.000057006  C
  1     6      -0.000001725       0.000006575      -0.000072172  C
  1     6       0.000042745       0.000132536       0.000139023  C
  1     6       0.000185805       0.000136085      -0.000033717  C
  1     6      -0.000010853       0.000355072       0.000056568  C
  1     6       0.000060239       0.000015043       0.000023899  C
  1     6       0.000044532      -0.000083155      -0.000123720  C
  1     6       0.000235469      -0.000065695       0.000035475  C
  1     6      -0.000109166      -0.000009843       0.000026940  C
  1     6       0.000098900      -0.000006655       0.000055444  C
  1     6      -0.000070434      -0.000070553       0.000055321  C
  1     6      -0.000149992       0.000053866      -0.000004099  C
  1     6      -0.000112755       0.000176391       0.000079651  C
  1     6      -0.000257267       0.000071686      -0.000038744  C
  1     6      -0.000034897       0.000146514       0.000006986  C
  1     6       0.000070374       0.000134788       0.000060049  C
  1     6       0.000106212       0.000032174       0.000088822  C
  1     6      -0.000035018       0.000059092      -0.000019814  C
  1     6       0.000050638       0.000003734       0.000020186  C
  1     6       0.000055101       0.000015078      -0.000019722  C
  1     6       0.000119389       0.000080097      -0.000021504  C
  1     6      -0.000063309       0.000050878       0.000036737  C
  1     6      -0.000198297       0.000128975       0.000013571  C
  1     6       0.000124906      -0.000052499      -0.000021369  C
  1     6       0.000047817       0.000322608      -0.000055451  C
  1     6      -0.000084857       0.000123362       0.000041912  C
  1     6      -0.000134816      -0.000017163       0.000139062  C
  1     6       0.000116456       0.000020949       0.000057009  C
  1     6       0.000136094       0.000022522       0.000041934  C
  1     6       0.000171783       0.000212474      -0.000041203  C
  1     6      -0.000141063       0.000087610       0.000032266  C
  1     6      -0.000083621       0.000100863       0.000027176  C
  1     6       0.000234017       0.000008863      -0.000003986  C
  1     6       0.000026319       0.000039412       0.000023473  C
  1     6       0.000035605      -0.000149380      -0.000003946  C
  1     6       0.000049294       0.000044677      -0.000012458  C
  1     6       0.000029212       0.000115375       0.000026970  C
  1     6       0.000010855      -0.000031060       0.000023529  C
  1     6      -0.000146561       0.000001494       0.000023689  C
  1     6      -0.000077715       0.000122140      -0.000083224  C
  1     6       0.000165467       0.000154086       0.000036897  C
  1     6       0.000110910       0.000138992       0.000054619  C
  1     6      -0.000126484       0.000076091      -0.000021387  C
  1     6       0.000164684       0.000008723       0.000069391  C
  1     6       0.000200017      -0.000088880      -0.000057959  C
  1     6      -0.000044840      -0.000093363       0.000088832  C
  1     6       0.000052167      -0.000148009       0.000054755  C
  1     6      -0.000173384       0.000149000      -0.000062337  C
  1     6      -0.000178974       0.000144598       0.000126199  C
  1     6       0.000101719       0.000150156      -0.000032324  C
  1     6      -0.000262447       0.000060580      -0.000041193  C
  1     6      -0.000199906       0.000107797      -0.000033510  C
  1     6      -0.000013944      -0.000079374       0.000085726  C
  1     6       0.000152278      -0.000011059       0.000021622  C
  1     6       0.000243486      -0.000185091      -0.000055417  C
  1     6       0.000057356      -0.000145084      -0.000032249  C
  1     6       0.000000727       0.000138382      -0.000024478  C
  1     6      -0.000008046       0.000114802      -0.000006535  C
  1     6       0.000079342      -0.000093975       0.000023700  C
  1     6      -0.000090123      -0.000160687       0.000079854  C
  1     6       0.000073505      -0.000062806      -0.000012998  C
  1     6       0.000263689       0.000060260       0.000075967  C
  1     6      -0.000193589      -0.000150503       0.000035503  C
  1     6      -0.000122338      -0.000189118      -0.000004007  C
  1     6       0.000068577      -0.000032759      -0.000006469  C
  1     6      -0.000140908       0.000028830      -0.000028134  C
  1     6      -0.000037479      -0.000185328      -0.000062371  C
  1     6      -0.000008110      -0.000045117       0.000036657  C
  1     6       0.000080276       0.000100813       0.000053053  C
  1     6       0.000265629       0.000108412       0.000008589  C
  1     6       0.000077620       0.000019958      -0.000028207  C
  1     6       0.000071014      -0.000105279       0.000060331  C
  1     6       0.000025111      -0.000206269       0.000037089  C
  1     6       0.000046669       0.000125712      -0.000028082  C
  1     6      -0.000174982       0.000107088      -0.000124349  C
  1     6       0.000136777      -0.000058902       0.000005035  C
  1     6       0.000161729      -0.000009249       0.000001375  C
  1     6      -0.000194302       0.000002751      -0.000121742  C
  1     6      -0.000087912       0.000208977       0.000041033  C
  1     6       0.000317176      -0.000152988      -0.000036720  C
  1     6      -0.000007792      -0.000157002      -0.000000455  C
  1     6       0.000099728      -0.000046734       0.000083249  C
  1     6      -0.000062991      -0.000095925       0.000083287  C
  1     6      -0.000077922       0.000054743      -0.000016356  C
  1     6       0.000112020      -0.000010396       0.000074136  C
  1     6       0.000014864      -0.000060867       0.000060487  C
  1     6      -0.000200500       0.000233771      -0.000001358  C
  1     6      -0.000052473       0.000148252      -0.000034163  C
  1     6      -0.000072478      -0.000209556       0.000024403  C
  1     6       0.000054135      -0.000091726       0.000046403  C
  1     6      -0.000056793      -0.000141291      -0.000001419  C
  1     6      -0.000074132      -0.000026214       0.000046216  C
  1     6      -0.000094342      -0.000054939       0.000044084  C
  1     6       0.000032863      -0.000078730      -0.000017582  C
  1     6      -0.000224949      -0.000026396      -0.000027141  C
  1     6      -0.000097899       0.000159795      -0.000021112  C
  1     6       0.000041504      -0.000011490       0.000083817  C
  1     6       0.000013043      -0.000206681      -0.000033850  C
  1     6      -0.000017264      -0.000247264      -0.000124163  C
  1     6      -0.000156016       0.000072125      -0.000033830  C
  1     6       0.000060620      -0.000176493      -0.000003335  C
  1     6       0.000117638      -0.000083306      -0.000061671  C
  1     6      -0.000164929      -0.000059973      -0.000011521  C
  1     6      -0.000160094      -0.000060537       0.000043124  C
  1     6       0.000048001       0.000054651      -0.000027553  C
  1     6      -0.000016557      -0.000138050      -0.000016383  C
  1     6       0.000108231      -0.000084177      -0.000010558  C
  1     6      -0.000102425       0.000076503      -0.000000505  C
  1     6       0.000046255      -0.000086619      -0.000027633  C
  1     6       0.000096105      -0.000004150      -0.000047882  C
  1     6      -0.000142215       0.000015450       0.000065581  C
  1     6      -0.000270943       0.000055914      -0.000008278  C
  1     6      -0.000007726      -0.000114680      -0.000012892  C
  1     6       0.000088340      -0.000095186       0.000044386  C
  1     6       0.000194661       0.000032077      -0.000050308  C
  1     6      -0.000172015       0.000065350       0.000063157  C
  1     6      -0.000119720       0.000161609       0.000024418  C
  1     6      -0.000073547       0.000043145      -0.000013100  C
  1     6      -0.000043258       0.000046437       0.000092441  C
  1     6      -0.000154664      -0.000078978      -0.000047194  C
  1     6      -0.000056527       0.000132290       0.000013505  C
  1     6       0.000110523       0.000103432      -0.000002830  C
  1     6      -0.000023719       0.000112033       0.000005184  C
  1     6       0.000198066      -0.000012526       0.000016767  C
  1     6      -0.000010137      -0.000042782       0.000083854  C
  1     6       0.000163952      -0.000040330       0.000013599  C
  1     6      -0.000152841      -0.000049456       0.000020830  C
  1     6      -0.000038892      -0.000100078      -0.000086954  C
  1     6      -0.000055996       0.000053289      -0.000047954  C
  1     6      -0.000052361       0.000069925       0.000074477  C
  1     6       0.000121498       0.000155816       0.000011505  C
  1     6      -0.000016420       0.000118450      -0.000017799  C
  1     6      -0.000271205      -0.000201343      -0.000036984  C
  1     6       0.000044275       0.000155113       0.000043213  C
  1     6      -0.000050727       0.000060942      -0.000087144  C
  1     6       0.000109811       0.000081722      -0.000027938  C
  1     6      -0.000029847      -0.000089760       0.000092466  C
  1     6       0.000046404       0.000035963      -0.000017549  C
  1     6       0.000124734      -0.000032745      -0.000026156  C
  1     6       0.000173473      -0.000031694      -0.000053971  C
  1     6      -0.000030155       0.000008988      -0.000056075  C
  1     6       0.000167402      -0.000034679      -0.000034295  C
  1     6       0.000196305       0.000190939      -0.000008370  C
  1     6       0.000035771      -0.000146051      -0.000027760  C
  1     6       0.000110619      -0.000133569       0.000020922  C
  1     6       0.000007126       0.000113194      -0.000061576  C
  1     6      -0.000080233       0.000117517       0.000001423  C
  1     6       0.000256672      -0.000118357       0.000056140  C
  1     6      -0.000073030      -0.000292332       0.000004702  C
  1     6       0.000194605      -0.000001288      -0.000021154  C
  1     6       0.000026228       0.000164301      -0.000047201  C
  1     6      -0.000127095       0.000041312      -0.000027773  C
  1     6       0.000049128      -0.000150811       0.000065671  C
  1     6       0.000040708       0.000021647       0.000060666  C
  1     6       0.000056596       0.000247116      -0.000034134  C
  1     6       0.000029301      -0.000003361      -0.000009620  C
  1     6      -0.000166012      -0.000033543      -0.000054875  C
  1     6       0.000225629      -0.000026184       0.000041186  C
  1     6       0.000038249       0.000166125      -0.000011710  C
  1     6       0.000060592       0.000155932       0.000020725  C
  1     6       0.000138705      -0.000105569      -0.000047182  C
  1     6       0.000132340      -0.000194530      -0.000027371  C
  1     6      -0.000028037      -0.000119442       0.000037098  C
  1     6       0.000036696       0.000073391      -0.000079298  C
  1     6      -0.000037915      -0.000122422       0.000023478  C
  1     6       0.000111452      -0.000029237      -0.000045432  C
  1     6       0.000302773       0.000054291      -0.000001307  C
  1     6       0.000104266       0.000115039       0.000065760  C
  1     6       0.000100703       0.000006997      -0.000087085  C
  1     6       0.000126936      -0.000119506      -0.000011712  C
  1     6       0.000097910      -0.000173860      -0.000121791  C
  1     6       0.000121211      -0.000131180      -0.000032588  C
  1     6       0.000035402      -0.000118343      -0.000034324  C
  1     6      -0.000040405      -0.000216366       0.000032107  C
  1     6       0.000100178       0.000206579      -0.000027440  C
  1     6       0.000087929       0.000008027       0.000092481  C
  1     6       0.000082652      -0.000272065      -0.000008342  C
  1     6      -0.000103638      -0.000293025      -0.000001300  C
  1     6       0.000056352      -0.000310626      -0.000052168  C
  1     6      -0.000077373      -0.000099764      -0.000019638  C
  1     6      -0.000109583       0.000081746      -0.000019390  C
  1     6      -0.000006391       0.000105453       0.000006894  C
  1     6       0.000100318       0.000168621      -0.000121855  C
  1     6      -0.000108179      -0.000064375      -0.000061485  C
  1     6      -0.000089528      -0.000132598       0.000013485  C
  1     6      -0.000097096      -0.000169790      -0.000021207  C
  1     6       0.000001210      -0.000350070       0.000007026  C
  1     6       0.000189996      -0.000162735       0.000002951  C
  1     6      -0.000022814      -0.000066873       0.000019616  C
  1     6       0.000120290       0.000115666      -0.000072952  C
  1     6       0.000296361       0.000172863       0.000007085  C
  1     6      -0.000046891       0.000017873       0.000060658  C
  1     6      -0.000024731      -0.000090836      -0.000047971  C
  1     6       0.000132020      -0.000121742       0.000043153  C
  1     6      -0.000138113      -0.000185467       0.000040941  C
  1     6       0.000066274       0.000012119      -0.000035547  C
  1     6       0.000076899      -0.000110197      -0.000058721  C
  1     6      -0.000103356      -0.000070045      -0.000158165  C
  1     6      -0.000044720       0.000046745      -0.000035592  C
  1     6      -0.000060632       0.000009194      -0.000017570  C
  1     6       0.000105343       0.000036640      -0.000012980  C
  1     6      -0.000108389      -0.000134445      -0.000034053  C
  1     6       0.000099587      -0.000051957       0.000006765  C
  1     6       0.000010804      -0.000102044       0.000006271  C
  1     6       0.000032565       0.000099453      -0.000048979  C
  1     6       0.000082266       0.000054998       0.000006346  C
  1     6       0.000237665       0.000203395      -0.000052320  C
  1     6      -0.000068390      -0.000139455       0.000001408  C
  1     6      -0.000149999       0.000035277      -0.000003043  C
  1     6      -0.000014172       0.000017817       0.000083679  C
  1     6      -0.000078239      -0.000090623      -0.000045394  C
  1     6       0.000044861      -0.000171210      -0.000072957  C
  1     6       0.000067407      -0.000055082       0.000001934  C
  1     6       0.000019671       0.000074133       0.000001946  C
  1     6       0.000046771       0.000236071       0.000002935  C
  1     6       0.000115099       0.000034823       0.000037084  C
  1     6      -0.000034893      -0.000094313       0.000074294  C
  1     6      -0.000073143      -0.000007671      -0.000027860  C
  1     6      -0.000032955       0.000323248      -0.000037001  C
  1     6      -0.000160987       0.000129489       0.000032170  C
  1     6      -0.000003217       0.000117535      -0.000158299  C
  1     6       0.000006564      -0.000008829       0.000051851  C
  1     6       0.000061149       0.000104763      -0.000058785  C
  1     6       0.000057476       0.000158552      -0.000032496  C
  1     6       0.000034040       0.000102876       0.000044246  C
  1     6       0.000213389       0.000004475       0.000024111  C
  1     6       0.000061666       0.000150251      -0.000054980  C
  1     6       0.000134866       0.000039231      -0.000019361  C
  1     6       0.000077362      -0.000086347      -0.000049163  C
  1     6      -0.000093665      -0.000043744      -0.000049104  C
  1     6       0.000131402      -0.000040669      -0.000019652  C
  1     6      -0.000247559      -0.000091177      -0.000034046  C
  1     6      -0.000085811      -0.000093649       0.000004943  C
  1     6       0.000164682       0.000083339      -0.000034083  C
  1     6       0.000035438       0.000013905      -0.000056299  C
  1     6      -0.000079942       0.000084447       0.000023272  C
  1     6      -0.000038532       0.000041087       0.000019565  C
  1     6      -0.000068088      -0.000041908       0.000001934  C
  1     6       0.000075686      -0.000013270       0.000019645  C
  1     6      -0.000074489      -0.000031567      -0.000079433  C
  1     6      -0.000038270       0.000111659      -0.000026337  C
  1     6       0.000116722       0.000026122      -0.000016457  C
  1     6       0.000135545       0.000036135      -0.000000712  C
  1     6      -0.000208422       0.000202908       0.000004533  C
  1     6      -0.000108884       0.000018903      -0.000034230  C
  1     6      -0.000127920      -0.000023944      -0.000058746  C
  1     6       0.000120324      -0.000073457      -0.000158106  C
  1     6       0.000092835       0.000059807      -0.000034249  C
  1     6      -0.000029884       0.000256579       0.000055892  C
  1     6       0.000040922       0.000055121       0.000046097  C
  1     6       0.000132425      -0.000063370      -0.000018094  C
  1     6      -0.000010906      -0.000034257      -0.000009695  C
  1     6      -0.000040183       0.000110316      -0.000019634  C
  1     6      -0.000085183       0.000030281       0.000006214  C
  1     6      -0.000012011      -0.000160500      -0.000019383  C
  1     6       0.000000298       0.000001382      -0.000009673  C
  1     6      -0.000200402       0.000001638       0.000011266  C
  1     6       0.000207359       0.000070053      -0.000124479  C
  1     6       0.000163041       0.000089018       0.000063093  C
  1     6      -0.000095546      -0.000156146      -0.000054179  C
  1     6       0.000062858      -0.000076371      -0.000079632  C
  1     6      -0.000232603      -0.000089432       0.000002893  C
  1     6      -0.000153628       0.000032003      -0.000072901  C
  1     6       0.000137467       0.000003473       0.000023497  C
  1     6      -0.000057570       0.000136983      -0.000054088  C
  1     6      -0.000131538       0.000123012      -0.000050542  C
  1     6      -0.000024199       0.000066793       0.000082953  C
  1     6      -0.000085889      -0.000192413       0.000016424  C
  1     6      -0.000206443      -0.000182901       0.000055775  C
  1     6      -0.000168685      -0.000047236      -0.000032512  C
  1     6      -0.000018586      -0.000068580      -0.000035635  C
  1     6       0.000215981       0.000057087       0.000032158  C
  1     6       0.000306169       0.000053620       0.000004838  C
  1     6      -0.000091516       0.000144044       0.000016541  C
  1     6      -0.000098352      -0.000085835      -0.000010955  C
  1     6       0.000102604      -0.000204973       0.000011192  C
  1     6       0.000203373      -0.000187583      -0.000034229  C
  1     6      -0.000298764       0.000100611      -0.000052311  C
  1     6      -0.000082509      -0.000064018       0.000006750  C
  1     6       0.000124222      -0.000148338      -0.000054813  C
  1     6      -0.000086143      -0.000106587      -0.000017965  C
  1     6       0.000004463       0.000099189      -0.000010861  C
  1     6      -0.000064415       0.000080327      -0.000001637  C
  1     6      -0.000040040      -0.000214182      -0.000050542  C
  1     6      -0.000064914      -0.000111142      -0.000026427  C
  1     6      -0.000085667       0.000072593       0.000037054  C
  1     6      -0.000300965       0.000177493       0.000007051  C
  1     6      -0.000024577       0.000100983      -0.000045313  C
  1     6       0.000018595      -0.000058098      -0.000056088  C
  1     6       0.000026988      -0.000216096       0.000063214  C
  1     6       0.000132215      -0.000021382      -0.000001530  C
  1     6      -0.000132149       0.000021334      -0.000001531  C
  1     6      -0.000027056       0.000215884       0.000063219  C
  1     6      -0.000018638       0.000057768      -0.000056093  C
  1     6       0.000024891      -0.000101296      -0.000045318  C
  1     6       0.000301014      -0.000177601       0.000007041  C
  1     6       0.000085409      -0.000072139       0.000037052  C
  1     6       0.000064959       0.000111672      -0.000026430  C
  1     6       0.000040138       0.000214309      -0.000050542  C
  1     6       0.000064325      -0.000080289      -0.000001636  C
  1     6      -0.000004509      -0.000099109      -0.000010860  C
  1     6       0.000085883       0.000106475      -0.000017958  C
  1     6      -0.000124168       0.000148295      -0.000054817  C
  1     6       0.000082697       0.000063771       0.000006746  C
  1     6       0.000298668      -0.000100725      -0.000052316  C
  1     6      -0.000203475       0.000187823      -0.000034226  C
  1     6      -0.000102596       0.000205113       0.000011193  C
  1     6       0.000098314       0.000085842      -0.000010953  C
  1     6       0.000091167      -0.000144126       0.000016545  C
  1     6      -0.000306184      -0.000053440       0.000004839  C
  1     6      -0.000215667      -0.000056912       0.000032159  C
  1     6       0.000018819       0.000068593      -0.000035635  C
  1     6       0.000168785       0.000047199      -0.000032511  C
  1     6       0.000206614       0.000183102       0.000055777  C
  1     6       0.000085974       0.000192496       0.000016424  C
  1     6       0.000024181      -0.000066714       0.000082949  C
  1     6       0.000131566      -0.000123091      -0.000050557  C
  1     6       0.000057563      -0.000136777      -0.000054108  C
  1     6      -0.000137172      -0.000002723       0.000023500  C
  1     6       0.000153980      -0.000031376      -0.000072903  C
  1     6       0.000232603       0.000089671       0.000002891  C
  1     6      -0.000062847       0.000076286      -0.000079630  C
  1     6       0.000095355       0.000156218      -0.000054182  C
  1     6      -0.000163267      -0.000089059       0.000063090  C
  1     6      -0.000207503      -0.000070044      -0.000124474  C
  1     6       0.000200276      -0.000001363       0.000011267  C
  1     6      -0.000000116      -0.000000497      -0.000009688  C
  1     6       0.000012414       0.000161708      -0.000019388  C
  1     6       0.000084975      -0.000029725       0.000006211  C
  1     6       0.000040091      -0.000110252      -0.000019640  C
  1     6       0.000011169       0.000034088      -0.000009684  C
  1     6      -0.000132408       0.000063249      -0.000018091  C
  1     6      -0.000040793      -0.000055230       0.000046103  C
  1     6       0.000030213      -0.000256180       0.000055909  C
  1     6      -0.000092207      -0.000058639      -0.000034259  C
  1     6      -0.000120374       0.000074433      -0.000158111  C
  1     6       0.000127708       0.000024209      -0.000058741  C
  1     6       0.000108801      -0.000018858      -0.000034236  C
  1     6       0.000208328      -0.000202997       0.000004530  C
  1     6      -0.000135630      -0.000036158      -0.000000711  C
  1     6      -0.000116711      -0.000025962      -0.000016464  C
  1     6       0.000038261      -0.000111575      -0.000026340  C
  1     6       0.000075098       0.000032264      -0.000079425  C
  1     6      -0.000075527       0.000014168       0.000019648  C
  1     6       0.000067107       0.000042132       0.000001941  C
  1     6       0.000038459      -0.000040943       0.000019575  C
  1     6       0.000080050      -0.000084528       0.000023274  C
  1     6      -0.000035514      -0.000013863      -0.000056304  C
  1     6      -0.000164514      -0.000083247      -0.000034078  C
  1     6       0.000085827       0.000093661       0.000004948  C
  1     6       0.000247986       0.000091154      -0.000034048  C
  1     6      -0.000130713       0.000040901      -0.000019664  C
  1     6       0.000092962       0.000043755      -0.000049103  C
  1     6      -0.000077761       0.000086058      -0.000049150  C
  1     6      -0.000134978      -0.000039086      -0.000019360  C
  1     6      -0.000061596      -0.000150228      -0.000054982  C
  1     6      -0.000213437      -0.000004590       0.000024114  C
  1     6      -0.000033927      -0.000103024       0.000044242  C
  1     6      -0.000056826      -0.000158969      -0.000032487  C
  1     6      -0.000061327      -0.000105482      -0.000058774  C
  1     6      -0.000007680       0.000008240       0.000051857  C
  1     6       0.000003148      -0.000117758      -0.000158299  C
  1     6       0.000160971      -0.000129419       0.000032165  C
  1     6       0.000032668      -0.000323455      -0.000036994  C
  1     6       0.000073049       0.000007070      -0.000027851  C
  1     6       0.000034924       0.000093957       0.000074327  C
  1     6      -0.000114589      -0.000035190       0.000037114  C
  1     6      -0.000046280      -0.000237119       0.000002935  C
  1     6      -0.000020677      -0.000074984       0.000001948  C
  1     6      -0.000067565       0.000054677       0.000001934  C
  1     6      -0.000044771       0.000171028      -0.000072953  C
  1     6       0.000078113       0.000090567      -0.000045393  C
  1     6       0.000013912      -0.000018486       0.000083689  C
  1     6       0.000150305      -0.000036068      -0.000003055  C
  1     6       0.000068714       0.000139047       0.000001425  C
  1     6      -0.000237386      -0.000204094      -0.000052323  C
  1     6      -0.000082541      -0.000056296       0.000006343  C
  1     6      -0.000033512      -0.000100332      -0.000048984  C
  1     6      -0.000010343       0.000101735       0.000006279  C
  1     6      -0.000099348       0.000052135       0.000006760  C
  1     6       0.000107772       0.000134131      -0.000034052  C
  1     6      -0.000105561      -0.000037607      -0.000012971  C
  1     6       0.000060995      -0.000009770      -0.000017557  C
  1     6       0.000044751      -0.000047824      -0.000035591  C
  1     6       0.000102526       0.000069178      -0.000158163  C
  1     6      -0.000076787       0.000110018      -0.000058729  C
  1     6      -0.000065767      -0.000012263      -0.000035546  C
  1     6       0.000137548       0.000185450       0.000040939  C
  1     6      -0.000132782       0.000121169       0.000043152  C
  1     6       0.000025081       0.000090123      -0.000047975  C
  1     6       0.000047336      -0.000018212       0.000060673  C
  1     6      -0.000296411      -0.000173040       0.000007080  C
  1     6      -0.000120728      -0.000116429      -0.000072964  C
  1     6       0.000022548       0.000066636       0.000019614  C
  1     6      -0.000189199       0.000162425       0.000002951  C
  1     6      -0.000001008       0.000349970       0.000007031  C
  1     6       0.000096240       0.000169699      -0.000021205  C
  1     6       0.000089499       0.000132412       0.000013489  C
  1     6       0.000108977       0.000064353      -0.000061492  C
  1     6      -0.000099865      -0.000168913      -0.000121869  C
  1     6       0.000006114      -0.000105420       0.000006892  C
  1     6       0.000109132      -0.000081721      -0.000019401  C
  1     6       0.000077929       0.000099893      -0.000019638  C
  1     6      -0.000055562       0.000310563      -0.000052167  C
  1     6       0.000103105       0.000293103      -0.000001301  C
  1     6      -0.000083308       0.000272286      -0.000008340  C
  1     6      -0.000087366      -0.000007557       0.000092484  C
  1     6      -0.000099814      -0.000206053      -0.000027442  C
  1     6       0.000039838       0.000216824       0.000032123  C
  1     6      -0.000035363       0.000119001      -0.000034322  C
  1     6      -0.000120327       0.000131497      -0.000032590  C
  1     6      -0.000097670       0.000173844      -0.000121792  C
  1     6      -0.000127461       0.000119914      -0.000011713  C
  1     6      -0.000100192      -0.000006325      -0.000087103  C
  1     6      -0.000103436      -0.000113860       0.000065755  C
  1     6      -0.000302769      -0.000053705      -0.000001306  C
  1     6      -0.000111885       0.000029668      -0.000045423  C
  1     6       0.000037499       0.000123374       0.000023483  C
  1     6      -0.000036288      -0.000072594      -0.000079290  C
  1     6       0.000028521       0.000119620       0.000037102  C
  1     6      -0.000132701       0.000194774      -0.000027369  C
  1     6      -0.000138986       0.000105944      -0.000047181  C
  1     6      -0.000059522      -0.000154849       0.000020723  C
  1     6      -0.000038309      -0.000164858      -0.000011708  C
  1     6      -0.000226060       0.000026659       0.000041203  C
  1     6       0.000165769       0.000034227      -0.000054856  C
  1     6      -0.000029315       0.000004335      -0.000009617  C
  1     6      -0.000056235      -0.000246827      -0.000034136  C
  1     6      -0.000040759      -0.000021818       0.000060665  C
  1     6      -0.000049367       0.000151145       0.000065680  C
  1     6       0.000127640      -0.000040524      -0.000027779  C
  1     6      -0.000025706      -0.000163246      -0.000047190  C
  1     6      -0.000195349       0.000001949      -0.000021155  C
  1     6       0.000072693       0.000292866       0.000004725  C
  1     6      -0.000256719       0.000118767       0.000056148  C
  1     6       0.000080318      -0.000117671       0.000001425  C
  1     6      -0.000007117      -0.000113256      -0.000061584  C
  1     6      -0.000110410       0.000133953       0.000020932  C
  1     6      -0.000034688       0.000146510      -0.000027749  C
  1     6      -0.000196696      -0.000190456      -0.000008381  C
  1     6      -0.000168049       0.000034943      -0.000034296  C
  1     6       0.000030156      -0.000009050      -0.000056070  C
  1     6      -0.000173623       0.000031862      -0.000053972  C
  1     6      -0.000124741       0.000032767      -0.000026153  C
  1     6      -0.000046399      -0.000035972      -0.000017553  C
  1     6       0.000029913       0.000089752       0.000092472  C
  1     6      -0.000109081      -0.000081450      -0.000027935  C
  1     6       0.000050901      -0.000061084      -0.000087137  C
  1     6      -0.000045199      -0.000155279       0.000043216  C
  1     6       0.000271003       0.000201471      -0.000036974  C
  1     6       0.000016388      -0.000118585      -0.000017797  C
  1     6      -0.000121475      -0.000155814       0.000011510  C
  1     6       0.000052499      -0.000069776       0.000074477  C
  1     6       0.000056036      -0.000053293      -0.000047952  C
  1     6       0.000038991       0.000100070      -0.000086941  C
  1     6       0.000153415       0.000048844       0.000020831  C
  1     6      -0.000164628       0.000039447       0.000013594  C
  1     6       0.000009496       0.000042518       0.000083853  C
  1     6      -0.000198210       0.000012523       0.000016763  C
  1     6       0.000023676      -0.000111982       0.000005183  C
  1     6      -0.000110647      -0.000103287      -0.000002830  C
  1     6       0.000056621      -0.000132441       0.000013508  C
  1     6       0.000155086       0.000078467      -0.000047191  C
  1     6       0.000043108      -0.000047720       0.000092436  C
  1     6       0.000073035      -0.000044024      -0.000013107  C
  1     6       0.000119660      -0.000161801       0.000024413  C
  1     6       0.000172113      -0.000065404       0.000063152  C
  1     6      -0.000194563      -0.000032041      -0.000050308  C
  1     6      -0.000088214       0.000095196       0.000044385  C
  1     6       0.000007660       0.000114796      -0.000012892  C
  1     6       0.000271035      -0.000056252      -0.000008276  C
  1     6       0.000142262      -0.000016392       0.000065577  C
  1     6      -0.000096563       0.000003103      -0.000047890  C
  1     6      -0.000046496       0.000086196      -0.000027621  C
  1     6       0.000102400      -0.000076490      -0.000000502  C
  1     6      -0.000108180       0.000084221      -0.000010557  C
  1     6       0.000016633       0.000138133      -0.000016380  C
  1     6      -0.000048069      -0.000054648      -0.000027547  C
  1     6       0.000160000       0.000060524       0.000043123  C
  1     6       0.000164928       0.000059590      -0.000011517  C
  1     6      -0.000117881       0.000082538      -0.000061673  C
  1     6      -0.000060658       0.000175805      -0.000003341  C
  1     6       0.000156309      -0.000072311      -0.000033831  C
  1     6       0.000017306       0.000247296      -0.000124162  C
  1     6      -0.000013052       0.000206617      -0.000033845  C
  1     6      -0.000041591       0.000011320       0.000083820  C
  1     6       0.000097944      -0.000159778      -0.000021110  C
  1     6       0.000224824       0.000026337      -0.000027144  C
  1     6      -0.000032976       0.000078434      -0.000017581  C
  1     6       0.000094544       0.000054988       0.000044084  C
  1     6       0.000074351       0.000026275       0.000046216  C
  1     6       0.000056905       0.000141268      -0.000001424  C
  1     6      -0.000054107       0.000091633       0.000046402  C
  1     6       0.000072318       0.000209230       0.000024401  C
  1     6       0.000052551      -0.000148338      -0.000034167  C
  1     6       0.000200450      -0.000233596      -0.000001359  C
  1     6      -0.000015194       0.000060979       0.000060485  C
  1     6      -0.000112007       0.000010514       0.000074131  C
  1     6       0.000078123      -0.000054539      -0.000016354  C
  1     6       0.000062933       0.000095913       0.000083291  C
  1     6      -0.000099813       0.000046627       0.000083248  C
  1     6       0.000007499       0.000156625      -0.000000454  C
  1     6      -0.000317222       0.000152588      -0.000036720  C
  1     6       0.000088116      -0.000209122       0.000041037  C
  1     6       0.000194163      -0.000002533      -0.000121748  C
  1     6      -0.000161709       0.000009606       0.000001376  C
  1     6      -0.000136415       0.000059151       0.000005033  C
  1     6       0.000175107      -0.000107063      -0.000124340  C
