              -1779.7076282814
         -0.000170411       0.000000037      -0.000000000
          0.000000037      -0.000170472      -0.000000000
         -0.000000000      -0.000000000      -0.000028165
         148
  1     6       0.000004700       0.000017188       0.000118600  C
  1     6       0.000100733      -0.000133702      -0.000119377  C
  1     6       0.000043548      -0.000158182      -0.000000603  C
  1     6      -0.000006542      -0.000056301       0.000118325  C
  1     6      -0.000116030      -0.000211214       0.000045216  C
  1     6       0.000067008      -0.000214229      -0.000174051  C
  1     6       0.000257031      -0.000046791       0.000044646  C
  1     6       0.000021110       0.000047421       0.000079826  C
  1     6      -0.000008824      -0.000042913      -0.000144699  C
  1     6       0.000060143      -0.000039972      -0.000145061  C
  1     6      -0.000111229       0.000035489      -0.000036179  C
  1     6      -0.000104803       0.000030498      -0.000000142  C
  1     6       0.000021475      -0.000020558      -0.000298873  C
  1     6       0.000083133       0.000096588      -0.000119887  C
  1     6      -0.000076210      -0.000090551      -0.000003814  C
  1     6      -0.000163403       0.000038363      -0.000173943  C
  1     6       0.000168107       0.000112854      -0.000173980  C
  1     6       0.000038837      -0.000004771      -0.000019152  C
  1     6       0.000024374       0.000122630      -0.000036816  C
  1     6       0.000018927       0.000018141      -0.000144657  C
  1     6       0.000144519      -0.000093951      -0.000036741  C
  1     6       0.000054387       0.000103818       0.000102497  C
  1     6      -0.000110556      -0.000029586      -0.000119483  C
  1     6       0.000130814       0.000061175       0.000000025  C
  1     6       0.000116236      -0.000112751       0.000102507  C
  1     6       0.000001492      -0.000017108      -0.000019182  C
  1     6      -0.000075414       0.000194116       0.000045353  C
  1     6       0.000009456       0.000098714      -0.000003333  C
  1     6      -0.000101578      -0.000055413       0.000102469  C
  1     6       0.000035463      -0.000162903      -0.000035933  C
  1     6       0.000082424      -0.000057572       0.000080343  C
  1     6       0.000034613      -0.000044103      -0.000018820  C
  1     6       0.000135082      -0.000070823      -0.000004088  C
  1     6       0.000063800      -0.000027948       0.000118629  C
  1     6       0.000136498       0.000060736      -0.000035497  C
  1     6      -0.000101742      -0.000092077      -0.000036806  C
  1     6      -0.000037775      -0.000056791       0.000080079  C
  1     6       0.000037912       0.000056766       0.000080083  C
  1     6       0.000101739       0.000092095      -0.000036809  C
  1     6      -0.000136531      -0.000060706      -0.000035498  C
  1     6      -0.000063726       0.000027866       0.000118629  C
  1     6      -0.000135119       0.000070795      -0.000004090  C
  1     6      -0.000034602       0.000044086      -0.000018820  C
  1     6      -0.000082481       0.000057589       0.000080345  C
  1     6      -0.000035450       0.000162885      -0.000035935  C
  1     6       0.000101580       0.000055378       0.000102468  C
  1     6      -0.000009475      -0.000098787      -0.000003333  C
  1     6       0.000075418      -0.000194151       0.000045352  C
  1     6      -0.000001479       0.000017093      -0.000019184  C
  1     6      -0.000116225       0.000112733       0.000102506  C
  1     6      -0.000130803      -0.000061174       0.000000023  C
  1     6       0.000110573       0.000029584      -0.000119484  C
  1     6      -0.000054417      -0.000103798       0.000102497  C
  1     6      -0.000144515       0.000094002      -0.000036741  C
  1     6      -0.000018919      -0.000018104      -0.000144656  C
  1     6      -0.000024351      -0.000122621      -0.000036818  C
  1     6      -0.000038820       0.000004805      -0.000019153  C
  1     6      -0.000168126      -0.000112818      -0.000173977  C
  1     6       0.000163397      -0.000038355      -0.000173943  C
  1     6       0.000076205       0.000090549      -0.000003816  C
  1     6      -0.000083138      -0.000096589      -0.000119889  C
  1     6      -0.000021488       0.000020562      -0.000298872  C
  1     6       0.000104785      -0.000030528      -0.000000144  C
  1     6       0.000111253      -0.000035536      -0.000036180  C
  1     6      -0.000060158       0.000039934      -0.000145060  C
  1     6       0.000008808       0.000042936      -0.000144703  C
  1     6      -0.000021143      -0.000047420       0.000079824  C
  1     6      -0.000257020       0.000046805       0.000044647  C
  1     6      -0.000066991       0.000214217      -0.000174052  C
  1     6       0.000116003       0.000211260       0.000045216  C
  1     6       0.000006565       0.000056265       0.000118327  C
  1     6      -0.000043569       0.000158229      -0.000000605  C
  1     6      -0.000100712       0.000133715      -0.000119379  C
  1     6      -0.000004789      -0.000017096       0.000118603  C
  1     6       0.000103337      -0.000130853       0.000035929  C
  1     6      -0.000110147       0.000059068       0.000036818  C
  1     6      -0.000050008       0.000013811      -0.000079827  C
  1     6       0.000067893      -0.000006709      -0.000080085  C
  1     6       0.000012257      -0.000011993       0.000019185  C
  1     6       0.000118363       0.000001320       0.000003813  C
  1     6       0.000047589      -0.000030670      -0.000118327  C
  1     6      -0.000031064      -0.000149329       0.000004087  C
  1     6      -0.000114714       0.000023909      -0.000102501  C
  1     6       0.000043230       0.000108497       0.000036176  C
  1     6       0.000107294       0.000043268      -0.000102467  C
  1     6      -0.000020944      -0.000033027       0.000019161  C
  1     6      -0.000127040      -0.000228231      -0.000044643  C
  1     6       0.000135738       0.000020092       0.000036810  C
  1     6       0.000013238      -0.000161367      -0.000102506  C
  1     6      -0.000127385      -0.000002898       0.000119879  C
  1     6       0.000094509      -0.000134142       0.000000596  C
  1     6       0.000012116      -0.000054727       0.000018819  C
  1     6      -0.000019206      -0.000171322       0.000036746  C
  1     6      -0.000007350      -0.000071835       0.000145063  C
  1     6      -0.000082302       0.000055460       0.000003329  C
  1     6      -0.000193891      -0.000058165       0.000173976  C
  1     6       0.000122887      -0.000187780       0.000174052  C
  1     6      -0.000133537      -0.000066946       0.000035492  C
  1     6      -0.000130285      -0.000062188      -0.000000019  C
  1     6       0.000002291      -0.000029685       0.000298869  C
  1     6       0.000039320      -0.000162707       0.000119388  C
  1     6      -0.000007904      -0.000100330      -0.000080347  C
  1     6      -0.000026040      -0.000003084       0.000144664  C
  1     6       0.000038740      -0.000020499       0.000144693  C
  1     6      -0.000102021       0.000181563      -0.000045350  C
  1     6       0.000074181       0.000150582       0.000173945  C
  1     6       0.000236830      -0.000044546      -0.000045213  C
  1     6      -0.000018890      -0.000066923      -0.000118624  C
  1     6       0.000093066       0.000066613       0.000119483  C
  1     6       0.000042987       0.000100364       0.000000143  C
  1     6      -0.000016275       0.000007219      -0.000118609  C
  1     6       0.000016245      -0.000007280      -0.000118602  C
  1     6      -0.000043024      -0.000100368       0.000000142  C
  1     6      -0.000093074      -0.000066611       0.000119483  C
  1     6       0.000018864       0.000067070      -0.000118623  C
  1     6      -0.000236851       0.000044483      -0.000045215  C
  1     6      -0.000074182      -0.000150594       0.000173944  C
  1     6       0.000102049      -0.000181586      -0.000045346  C
  1     6      -0.000038722       0.000020477       0.000144694  C
  1     6       0.000026053       0.000003091       0.000144663  C
  1     6       0.000007899       0.000100241      -0.000080347  C
  1     6      -0.000039341       0.000162721       0.000119386  C
  1     6      -0.000002301       0.000029677       0.000298870  C
  1     6       0.000130292       0.000062152      -0.000000020  C
  1     6       0.000133552       0.000066870       0.000035494  C
  1     6      -0.000122859       0.000187796       0.000174052  C
  1     6       0.000193907       0.000058172       0.000173973  C
  1     6       0.000082296      -0.000055463       0.000003330  C
  1     6       0.000007353       0.000071849       0.000145061  C
  1     6       0.000019208       0.000171322       0.000036744  C
  1     6      -0.000012070       0.000054737       0.000018814  C
  1     6      -0.000094533       0.000134117       0.000000599  C
  1     6       0.000127340       0.000002903       0.000119879  C
  1     6      -0.000013259       0.000161383      -0.000102504  C
  1     6      -0.000135768      -0.000020075       0.000036808  C
  1     6       0.000127073       0.000228210      -0.000044643  C
  1     6       0.000020953       0.000033046       0.000019159  C
  1     6      -0.000107285      -0.000043283      -0.000102462  C
  1     6      -0.000043205      -0.000108495       0.000036176  C
  1     6       0.000114696      -0.000023917      -0.000102502  C
  1     6       0.000031055       0.000149313       0.000004087  C
  1     6      -0.000047648       0.000030694      -0.000118325  C
  1     6      -0.000118376      -0.000001327       0.000003817  C
  1     6      -0.000012257       0.000011980       0.000019183  C
  1     6      -0.000067840       0.000006833      -0.000080074  C
  1     6       0.000050057      -0.000013812      -0.000079828  C
  1     6       0.000110157      -0.000059044       0.000036820  C
  1     6      -0.000103317       0.000130900       0.000035930  C
