              -1779.7076548702
         -0.000170474       0.000000080      -0.000000000
          0.000000080      -0.000170608      -0.000000000
         -0.000000000      -0.000000000      -0.000027936
         148
  1     6       0.000093200      -0.000030928       0.000139889  C
  1     6       0.000024918      -0.000052804      -0.000077824  C
  1     6       0.000017134      -0.000114234       0.000082287  C
  1     6       0.000029378      -0.000078894       0.000138563  C
  1     6      -0.000080789      -0.000178693       0.000083388  C
  1     6       0.000121940      -0.000178475      -0.000015046  C
  1     6       0.000250042      -0.000158745       0.000080969  C
  1     6       0.000246283       0.000016172       0.000075723  C
  1     6       0.000090870      -0.000061253       0.000035242  C
  1     6       0.000065224      -0.000073304       0.000034008  C
  1     6       0.000024041      -0.000086359      -0.000060961  C
  1     6       0.000074248       0.000001920       0.000083621  C
  1     6       0.000077011      -0.000075772      -0.000025657  C
  1     6       0.000092855      -0.000130102      -0.000079565  C
  1     6       0.000069113      -0.000223426      -0.000070781  C
  1     6      -0.000035170      -0.000059884      -0.000014535  C
  1     6       0.000150631       0.000015938      -0.000014870  C
  1     6       0.000157216      -0.000205360      -0.000130977  C
  1     6       0.000261111       0.000078589      -0.000068650  C
  1     6       0.000080618      -0.000090354       0.000035539  C
  1     6       0.000122141      -0.000308953      -0.000068098  C
  1     6       0.000182947      -0.000017660      -0.000007591  C
  1     6       0.000121508      -0.000036464      -0.000078375  C
  1     6       0.000148599      -0.000106351       0.000084844  C
  1     6       0.000077187      -0.000197178      -0.000006791  C
  1     6       0.000152874       0.000060287      -0.000130784  C
  1     6       0.000064788       0.000118946       0.000083331  C
  1     6      -0.000045681       0.000007804      -0.000068790  C
  1     6      -0.000027116      -0.000011746      -0.000007449  C
  1     6       0.000115867      -0.000110921      -0.000059978  C
  1     6       0.000068579      -0.000263814       0.000077609  C
  1     6      -0.000075520      -0.000077961      -0.000129578  C
  1     6       0.000214354      -0.000001673      -0.000071153  C
  1     6       0.000100986      -0.000107957       0.000139585  C
  1     6       0.000094036      -0.000018784      -0.000058308  C
  1     6      -0.000145903       0.000011450      -0.000069062  C
  1     6      -0.000083136       0.000030767       0.000074798  C
  1     6       0.000083112      -0.000030746       0.000074803  C
  1     6       0.000145900      -0.000011430      -0.000069063  C
  1     6      -0.000094017       0.000018806      -0.000058300  C
  1     6      -0.000100996       0.000107967       0.000139583  C
  1     6      -0.000214347       0.000001655      -0.000071150  C
  1     6       0.000075535       0.000077941      -0.000129577  C
  1     6      -0.000068596       0.000263789       0.000077610  C
  1     6      -0.000115903       0.000110884      -0.000059981  C
  1     6       0.000027114       0.000011732      -0.000007444  C
  1     6       0.000045635      -0.000007855      -0.000068792  C
  1     6      -0.000064816      -0.000118982       0.000083330  C
  1     6      -0.000152838      -0.000060287      -0.000130787  C
  1     6      -0.000077158       0.000197168      -0.000006789  C
  1     6      -0.000148584       0.000106350       0.000084846  C
  1     6      -0.000121519       0.000036470      -0.000078375  C
  1     6      -0.000182935       0.000017668      -0.000007590  C
  1     6      -0.000122144       0.000308995      -0.000068096  C
  1     6      -0.000080620       0.000090409       0.000035541  C
  1     6      -0.000261087      -0.000078574      -0.000068653  C
  1     6      -0.000157207       0.000205361      -0.000130978  C
  1     6      -0.000150644      -0.000015894      -0.000014869  C
  1     6       0.000035146       0.000059899      -0.000014536  C
  1     6      -0.000069083       0.000223401      -0.000070784  C
  1     6      -0.000092855       0.000130099      -0.000079567  C
  1     6      -0.000077050       0.000075786      -0.000025653  C
  1     6      -0.000074258      -0.000001939       0.000083621  C
  1     6      -0.000024020       0.000086325      -0.000060958  C
  1     6      -0.000065219       0.000073273       0.000034007  C
  1     6      -0.000090912       0.000061241       0.000035242  C
  1     6      -0.000246264      -0.000016188       0.000075720  C
  1     6      -0.000250019       0.000158711       0.000080973  C
  1     6      -0.000121919       0.000178449      -0.000015046  C
  1     6       0.000080795       0.000178721       0.000083387  C
  1     6      -0.000029359       0.000078911       0.000138561  C
  1     6      -0.000017149       0.000114267       0.000082285  C
  1     6      -0.000024912       0.000052826      -0.000077824  C
  1     6      -0.000093197       0.000030974       0.000139887  C
  1     6       0.000030680      -0.000163046       0.000067259  C
  1     6      -0.000213892      -0.000136100       0.000067145  C
  1     6      -0.000149561      -0.000187101      -0.000080924  C
  1     6       0.000016294       0.000072974      -0.000080170  C
  1     6      -0.000127336      -0.000097656       0.000133603  C
  1     6       0.000124737      -0.000196908       0.000067723  C
  1     6       0.000052993      -0.000072915      -0.000132899  C
  1     6      -0.000129126      -0.000159843       0.000067861  C
  1     6      -0.000130116      -0.000139290       0.000003902  C
  1     6       0.000048136      -0.000055940       0.000068119  C
  1     6       0.000046066       0.000028573       0.000003627  C
  1     6       0.000067550      -0.000223449       0.000133752  C
  1     6      -0.000051186      -0.000301735      -0.000086540  C
  1     6       0.000094480       0.000097127       0.000067226  C
  1     6       0.000103608      -0.000204522       0.000003132  C
  1     6       0.000031327      -0.000167340       0.000094454  C
  1     6       0.000088474      -0.000081545      -0.000080666  C
  1     6       0.000082063       0.000006743       0.000132203  C
  1     6       0.000139275      -0.000281064       0.000066598  C
  1     6       0.000007794      -0.000087260      -0.000036328  C
  1     6       0.000027638       0.000041756       0.000065697  C
  1     6      -0.000100354      -0.000095604       0.000012699  C
  1     6       0.000055134      -0.000200373       0.000013238  C
  1     6      -0.000055141      -0.000090578       0.000065606  C
  1     6      -0.000013226      -0.000187050      -0.000083038  C
  1     6       0.000007310      -0.000105107       0.000026074  C
  1     6       0.000048444      -0.000052997       0.000092942  C
  1     6       0.000155856      -0.000204298      -0.000082646  C
  1     6       0.000022717      -0.000114898      -0.000037778  C
  1     6      -0.000009154      -0.000114725      -0.000037764  C
  1     6      -0.000132027       0.000040625      -0.000089237  C
  1     6       0.000065396      -0.000020463       0.000012708  C
  1     6       0.000207179      -0.000055327      -0.000088858  C
  1     6       0.000011413      -0.000162341      -0.000133969  C
  1     6      -0.000058050      -0.000097028       0.000093283  C
  1     6      -0.000052598      -0.000048926      -0.000081910  C
  1     6      -0.000047446      -0.000080377      -0.000134574  C
  1     6       0.000047439       0.000080410      -0.000134574  C
  1     6       0.000052577       0.000048941      -0.000081912  C
  1     6       0.000058040       0.000097031       0.000093281  C
  1     6      -0.000011422       0.000162335      -0.000133967  C
  1     6      -0.000207202       0.000055293      -0.000088858  C
  1     6      -0.000065414       0.000020455       0.000012705  C
  1     6       0.000132049      -0.000040630      -0.000089238  C
  1     6       0.000009162       0.000114693      -0.000037765  C
  1     6      -0.000022703       0.000114935      -0.000037775  C
  1     6      -0.000155855       0.000204288      -0.000082645  C
  1     6      -0.000048466       0.000052971       0.000092942  C
  1     6      -0.000007291       0.000105116       0.000026078  C
  1     6       0.000013246       0.000187047      -0.000083037  C
  1     6       0.000055112       0.000090540       0.000065606  C
  1     6      -0.000055090       0.000200373       0.000013241  C
  1     6       0.000100379       0.000095634       0.000012699  C
  1     6      -0.000027648      -0.000041777       0.000065694  C
  1     6      -0.000007756       0.000087298      -0.000036329  C
  1     6      -0.000139287       0.000281084       0.000066593  C
  1     6      -0.000082083      -0.000006739       0.000132204  C
  1     6      -0.000088456       0.000081541      -0.000080663  C
  1     6      -0.000031366       0.000167302       0.000094452  C
  1     6      -0.000103651       0.000204520       0.000003134  C
  1     6      -0.000094498      -0.000097087       0.000067227  C
  1     6       0.000051219       0.000301712      -0.000086545  C
  1     6      -0.000067549       0.000223416       0.000133753  C
  1     6      -0.000046065      -0.000028552       0.000003629  C
  1     6      -0.000048146       0.000055934       0.000068116  C
  1     6       0.000130093       0.000139266       0.000003905  C
  1     6       0.000129121       0.000159849       0.000067862  C
  1     6      -0.000052996       0.000072927      -0.000132901  C
  1     6      -0.000124731       0.000196887       0.000067720  C
  1     6       0.000127342       0.000097651       0.000133603  C
  1     6      -0.000016285      -0.000072954      -0.000080170  C
  1     6       0.000149568       0.000187123      -0.000080928  C
  1     6       0.000213899       0.000136118       0.000067143  C
  1     6      -0.000030653       0.000163063       0.000067258  C
