              -4376.8066764585
         -0.000176093      -0.000000032      -0.000000000
         -0.000000032      -0.000176047       0.000000000
         -0.000000000       0.000000000      -0.000027111
         364
  1     6      -0.000043033       0.000132545       0.000097894  C
  1     6      -0.000038524      -0.000007335       0.000050423  C
  1     6       0.000031245      -0.000006873       0.000124157  C
  1     6      -0.000058882       0.000042522       0.000062138  C
  1     6      -0.000078765       0.000149632       0.000101520  C
  1     6      -0.000120683       0.000052975       0.000098956  C
  1     6      -0.000169788       0.000071778       0.000057319  C
  1     6       0.000097539      -0.000094225       0.000094456  C
  1     6      -0.000141283      -0.000093488       0.000068126  C
  1     6       0.000045033       0.000039988       0.000108406  C
  1     6       0.000006510      -0.000021401       0.000058898  C
  1     6       0.000016956       0.000314651       0.000156492  C
  1     6       0.000017518      -0.000038570       0.000068865  C
  1     6      -0.000070942       0.000003717       0.000103835  C
  1     6      -0.000068724       0.000014153       0.000069871  C
  1     6       0.000000583       0.000188715       0.000070760  C
  1     6       0.000107790       0.000155518       0.000082043  C
  1     6       0.000024307       0.000042188       0.000100640  C
  1     6       0.000109437      -0.000051021       0.000096145  C
  1     6      -0.000234294       0.000057194       0.000024084  C
  1     6      -0.000041627       0.000264964       0.000097306  C
  1     6       0.000003687       0.000123815       0.000052764  C
  1     6      -0.000209035       0.000057057       0.000128394  C
  1     6      -0.000134065      -0.000012639       0.000107349  C
  1     6      -0.000063685      -0.000043535       0.000032646  C
  1     6       0.000036815       0.000114922       0.000032953  C
  1     6       0.000001568       0.000279573       0.000095921  C
  1     6      -0.000162387       0.000285619       0.000101521  C
  1     6       0.000063294       0.000128452       0.000139782  C
  1     6      -0.000094234       0.000099133       0.000069088  C
  1     6      -0.000058730       0.000066261      -0.000110680  C
  1     6      -0.000001978       0.000093824       0.000104734  C
  1     6       0.000017516       0.000224918       0.000025058  C
  1     6      -0.000264107       0.000159433       0.000076066  C
  1     6      -0.000070622       0.000074614       0.000061824  C
  1     6       0.000023101       0.000217230       0.000023618  C
  1     6       0.000027328      -0.000080756       0.000023536  C
  1     6      -0.000052316       0.000174971       0.000125015  C
  1     6      -0.000217063       0.000084534       0.000095161  C
  1     6      -0.000200096       0.000172597       0.000049949  C
  1     6      -0.000151723       0.000212844       0.000067903  C
  1     6      -0.000151368       0.000122879       0.000032138  C
  1     6       0.000111122       0.000075408       0.000067665  C
  1     6      -0.000137989       0.000122345       0.000123702  C
  1     6      -0.000211014       0.000146030       0.000068120  C
  1     6      -0.000029002       0.000210248       0.000066459  C
  1     6      -0.000109841       0.000107913       0.000103517  C
  1     6      -0.000007081       0.000079474       0.000068606  C
  1     6       0.000046782      -0.000032958       0.000065971  C
  1     6      -0.000117568       0.000058040       0.000084828  C
  1     6      -0.000069290      -0.000075424       0.000083559  C
  1     6      -0.000162485       0.000023336       0.000124213  C
  1     6      -0.000244067      -0.000018517       0.000095506  C
  1     6      -0.000048526       0.000068398       0.000060558  C
  1     6      -0.000182190       0.000148166       0.000082867  C
  1     6      -0.000155101      -0.000094711       0.000201652  C
  1     6      -0.000064915      -0.000026960       0.000123503  C
  1     6      -0.000278028       0.000011532       0.000094587  C
  1     6      -0.000090500       0.000172149       0.000106132  C
  1     6       0.000098197       0.000133644       0.000048405  C
  1     6      -0.000151126       0.000230362       0.000201336  C
  1     6      -0.000020585       0.000019297       0.000084723  C
  1     6      -0.000238964       0.000046774       0.000024115  C
  1     6      -0.000188275       0.000055657       0.000068276  C
  1     6      -0.000063251      -0.000073037       0.000138137  C
  1     6       0.000086756       0.000158515       0.000066630  C
  1     6       0.000125861       0.000060649       0.000201083  C
  1     6       0.000000631      -0.000080342       0.000094582  C
  1     6      -0.000133068       0.000085006       0.000050936  C
  1     6      -0.000115357       0.000013382       0.000099017  C
  1     6       0.000122933       0.000193731       0.000074156  C
  1     6      -0.000039598       0.000115563       0.000083992  C
  1     6      -0.000052720      -0.000103019       0.000067781  C
  1     6      -0.000189135      -0.000129153       0.000100467  C
  1     6      -0.000002638       0.000165552       0.000056796  C
  1     6       0.000017150       0.000208288       0.000126040  C
  1     6       0.000035775       0.000191698       0.000093577  C
  1     6       0.000067450       0.000125653       0.000083284  C
  1     6      -0.000036235      -0.000156499       0.000075827  C
  1     6      -0.000211779       0.000172361       0.000080904  C
  1     6       0.000119708      -0.000106983       0.000154731  C
  1     6       0.000177623       0.000054158       0.000099088  C
  1     6       0.000027146       0.000100616       0.000122931  C
  1     6      -0.000080832      -0.000109179       0.000049815  C
  1     6       0.000025814      -0.000057040       0.000128254  C
  1     6      -0.000005771       0.000025651       0.000097925  C
  1     6      -0.000066146      -0.000110519       0.000079773  C
  1     6       0.000047635      -0.000087019       0.000022905  C
  1     6      -0.000198668       0.000013920       0.000066397  C
  1     6      -0.000170209       0.000136188       0.000140246  C
  1     6      -0.000305062       0.000013473       0.000156523  C
  1     6       0.000304901      -0.000013611       0.000156519  C
  1     6       0.000170064      -0.000136317       0.000140245  C
  1     6       0.000198598      -0.000013978       0.000066399  C
  1     6      -0.000047686       0.000087002       0.000022905  C
  1     6       0.000066175       0.000110408       0.000079766  C
  1     6       0.000005898      -0.000025762       0.000097923  C
  1     6      -0.000025648       0.000057019       0.000128260  C
  1     6       0.000081054       0.000109211       0.000049813  C
  1     6      -0.000027037      -0.000100677       0.000122929  C
  1     6      -0.000177513      -0.000054062       0.000099092  C
  1     6      -0.000119558       0.000107368       0.000154739  C
  1     6       0.000211809      -0.000172151       0.000080906  C
  1     6       0.000036063       0.000156677       0.000075825  C
  1     6      -0.000067583      -0.000125727       0.000083283  C
  1     6      -0.000035892      -0.000191825       0.000093575  C
  1     6      -0.000017146      -0.000208110       0.000126036  C
  1     6       0.000002409      -0.000165392       0.000056794  C
  1     6       0.000188911       0.000129026       0.000100461  C
  1     6       0.000052531       0.000102898       0.000067774  C
  1     6       0.000039493      -0.000115826       0.000083994  C
  1     6      -0.000122713      -0.000193875       0.000074148  C
  1     6       0.000115635      -0.000013442       0.000099013  C
  1     6       0.000133038      -0.000084949       0.000050941  C
  1     6      -0.000000490       0.000080278       0.000094588  C
  1     6      -0.000125786      -0.000060757       0.000201088  C
  1     6      -0.000086591      -0.000158586       0.000066628  C
  1     6       0.000063605       0.000073103       0.000138137  C
  1     6       0.000188281      -0.000055409       0.000068274  C
  1     6       0.000238729      -0.000046569       0.000024114  C
  1     6       0.000020384      -0.000019184       0.000084723  C
  1     6       0.000150899      -0.000230439       0.000201328  C
  1     6      -0.000098033      -0.000133765       0.000048406  C
  1     6       0.000090416      -0.000172120       0.000106128  C
  1     6       0.000277775      -0.000011675       0.000094580  C
  1     6       0.000064712       0.000026907       0.000123495  C
  1     6       0.000154871       0.000094827       0.000201652  C
  1     6       0.000182165      -0.000148212       0.000082865  C
  1     6       0.000048719      -0.000068586       0.000060556  C
  1     6       0.000244135       0.000018267       0.000095507  C
  1     6       0.000162504      -0.000023536       0.000124211  C
  1     6       0.000069368       0.000075583       0.000083560  C
  1     6       0.000117496      -0.000058224       0.000084830  C
  1     6      -0.000046580       0.000032855       0.000065966  C
  1     6       0.000007120      -0.000079079       0.000068620  C
  1     6       0.000109943      -0.000108048       0.000103512  C
  1     6       0.000029029      -0.000210080       0.000066462  C
  1     6       0.000210923      -0.000145712       0.000068115  C
  1     6       0.000137911      -0.000122271       0.000123704  C
  1     6      -0.000111101      -0.000075417       0.000067664  C
  1     6       0.000151363      -0.000122994       0.000032133  C
  1     6       0.000151674      -0.000212926       0.000067900  C
  1     6       0.000200027      -0.000172368       0.000049946  C
  1     6       0.000217189      -0.000084768       0.000095169  C
  1     6       0.000051981      -0.000174833       0.000125007  C
  1     6      -0.000027242       0.000080632       0.000023535  C
  1     6      -0.000022868      -0.000217452       0.000023619  C
  1     6       0.000070803      -0.000074645       0.000061822  C
  1     6       0.000264229      -0.000159464       0.000076059  C
  1     6      -0.000017737      -0.000224872       0.000025049  C
  1     6       0.000001840      -0.000093809       0.000104729  C
  1     6       0.000058911      -0.000066207      -0.000110682  C
  1     6       0.000094366      -0.000099054       0.000069088  C
  1     6      -0.000063174      -0.000128456       0.000139785  C
  1     6       0.000162412      -0.000285786       0.000101523  C
  1     6      -0.000001866      -0.000279369       0.000095918  C
  1     6      -0.000036668      -0.000114716       0.000032952  C
  1     6       0.000063893       0.000043617       0.000032642  C
  1     6       0.000134131       0.000012660       0.000107349  C
  1     6       0.000209081      -0.000057060       0.000128390  C
  1     6      -0.000003928      -0.000123791       0.000052759  C
  1     6       0.000041445      -0.000264658       0.000097302  C
  1     6       0.000234364      -0.000057012       0.000024087  C
  1     6      -0.000109413       0.000050947       0.000096141  C
  1     6      -0.000024216      -0.000042340       0.000100640  C
  1     6      -0.000107927      -0.000155748       0.000082045  C
  1     6      -0.000000746      -0.000188860       0.000070757  C
  1     6       0.000068630      -0.000013941       0.000069866  C
  1     6       0.000070910      -0.000003745       0.000103838  C
  1     6      -0.000017438       0.000038522       0.000068866  C
  1     6      -0.000016919      -0.000314835       0.000156495  C
  1     6      -0.000006378       0.000021286       0.000058905  C
  1     6      -0.000044877      -0.000040007       0.000108408  C
  1     6       0.000141396       0.000093521       0.000068126  C
  1     6      -0.000097444       0.000094219       0.000094453  C
  1     6       0.000169894      -0.000071690       0.000057315  C
  1     6       0.000120724      -0.000052809       0.000098958  C
  1     6       0.000078683      -0.000149499       0.000101518  C
  1     6       0.000058834      -0.000042453       0.000062136  C
  1     6      -0.000031327       0.000006841       0.000124159  C
  1     6       0.000038485       0.000007314       0.000050424  C
  1     6       0.000042898      -0.000132658       0.000097895  C
  1     6      -0.000014676       0.000272493      -0.000080919  C
  1     6       0.000102644       0.000220551      -0.000024105  C
  1     6      -0.000152973       0.000146955      -0.000066457  C
  1     6      -0.000141082       0.000024418      -0.000139787  C
  1     6      -0.000264758       0.000171337      -0.000156490  C
  1     6       0.000168333       0.000254593      -0.000156508  C
  1     6       0.000215542       0.000076957      -0.000100465  C
  1     6       0.000059846       0.000036561      -0.000123491  C
  1     6      -0.000021887       0.000263196      -0.000049946  C
  1     6       0.000076710       0.000202667      -0.000128396  C
  1     6       0.000028222       0.000128758      -0.000098957  C
  1     6       0.000030931      -0.000054423      -0.000128253  C
  1     6       0.000064640      -0.000047611      -0.000094591  C
  1     6       0.000101972       0.000011494      -0.000083559  C
  1     6       0.000026485       0.000307270      -0.000076048  C
  1     6      -0.000189401       0.000004203      -0.000082049  C
  1     6       0.000147882      -0.000062868      -0.000075839  C
  1     6      -0.000003648       0.000027783      -0.000084724  C
  1     6       0.000006085       0.000256223      -0.000068114  C
  1     6      -0.000135786       0.000299327      -0.000101523  C
  1     6       0.000013339      -0.000017793      -0.000058905  C
  1     6      -0.000010189       0.000217652      -0.000140251  C
  1     6       0.000114207      -0.000017929      -0.000067771  C
  1     6       0.000167734       0.000069524      -0.000201653  C
  1     6       0.000059134       0.000225523      -0.000095172  C
  1     6      -0.000102430       0.000069584      -0.000052759  C
  1     6      -0.000074851       0.000151437      -0.000101512  C
  1     6       0.000136003       0.000001222      -0.000049817  C
  1     6      -0.000123066      -0.000066210      -0.000201088  C
  1     6       0.000021872       0.000129149      -0.000084823  C
  1     6      -0.000192313       0.000117760      -0.000025049  C
  1     6      -0.000153165       0.000110429      -0.000070759  C
  1     6      -0.000141598       0.000019243      -0.000083282  C
  1     6      -0.000097833       0.000257642      -0.000201336  C
  1     6      -0.000017905       0.000183519      -0.000123702  C
  1     6      -0.000227131       0.000162796      -0.000095928  C
  1     6      -0.000058759      -0.000012830      -0.000108414  C
  1     6       0.000105580       0.000169089      -0.000066402  C
  1     6      -0.000070259       0.000100202      -0.000083988  C
  1     6      -0.000012741       0.000234541      -0.000082863  C
  1     6      -0.000110749       0.000144684      -0.000125011  C
  1     6      -0.000189874       0.000189134      -0.000097289  C
  1     6       0.000000104       0.000072569      -0.000062140  C
  1     6      -0.000097278       0.000037177      -0.000122921  C
  1     6      -0.000179175       0.000023010      -0.000066645  C
  1     6      -0.000000905      -0.000057219      -0.000065974  C
  1     6      -0.000074891       0.000056407      -0.000104729  C
  1     6       0.000029043       0.000063863      -0.000069882  C
  1     6      -0.000176483       0.000083714      -0.000093574  C
  1     6      -0.000166066      -0.000000626      -0.000048391  C
  1     6      -0.000126329      -0.000045532      -0.000067662  C
  1     6      -0.000114361       0.000037876      -0.000032942  C
  1     6       0.000158892       0.000059426      -0.000068126  C
  1     6       0.000042437      -0.000089656      -0.000022900  C
  1     6      -0.000228742       0.000014755      -0.000074149  C
  1     6      -0.000026657       0.000079680      -0.000060564  C
  1     6       0.000049251      -0.000069547      -0.000023551  C
  1     6       0.000091592       0.000223064      -0.000024101  C
  1     6      -0.000012981      -0.000029506      -0.000124157  C
  1     6      -0.000148093      -0.000111930      -0.000099092  C
  1     6       0.000096405       0.000008305      -0.000138125  C
  1     6      -0.000059906       0.000052115      -0.000068628  C
  1     6      -0.000019051       0.000086492       0.000110702  C
  1     6       0.000038703       0.000059513      -0.000103847  C
  1     6      -0.000178475       0.000108431      -0.000126041  C
  1     6      -0.000086096       0.000174478      -0.000106121  C
  1     6      -0.000010480       0.000194867      -0.000032118  C
  1     6       0.000072864       0.000026004      -0.000032619  C
  1     6       0.000018942      -0.000134299      -0.000094445  C
  1     6       0.000128261      -0.000011360      -0.000079775  C
  1     6       0.000057109       0.000101511      -0.000099004  C
  1     6       0.000158495       0.000186752      -0.000095520  C
  1     6      -0.000189385       0.000109202      -0.000023603  C
  1     6      -0.000023153      -0.000118634      -0.000096155  C
  1     6       0.000028508       0.000026712      -0.000050428  C
  1     6       0.000016506      -0.000159802      -0.000154732  C
  1     6       0.000065747       0.000184887      -0.000068273  C
  1     6      -0.000022887       0.000152272      -0.000103495  C
  1     6      -0.000024725       0.000134529      -0.000069069  C
  1     6       0.000020800      -0.000036805      -0.000068864  C
  1     6      -0.000132304       0.000099140      -0.000056790  C
  1     6       0.000153876       0.000231559      -0.000094586  C
  1     6      -0.000083152       0.000247980      -0.000067891  C
  1     6       0.000089107       0.000101141      -0.000107354  C
  1     6       0.000041862       0.000179590      -0.000057323  C
  1     6      -0.000017384       0.000019875      -0.000097936  C
  1     6       0.000009459       0.000157500      -0.000050940  C
  1     6       0.000076542       0.000145300      -0.000124220  C
  1     6      -0.000018668       0.000101191      -0.000061835  C
  1     6      -0.000048395       0.000005206      -0.000100630  C
  1     6      -0.000082004       0.000112628      -0.000097898  C
  1     6       0.000082053      -0.000112639      -0.000097891  C
  1     6       0.000048393      -0.000004984      -0.000100633  C
  1     6       0.000018823      -0.000100845      -0.000061827  C
  1     6      -0.000076686      -0.000145187      -0.000124208  C
  1     6      -0.000009560      -0.000157603      -0.000050949  C
  1     6       0.000017264      -0.000019836      -0.000097934  C
  1     6      -0.000041825      -0.000179392      -0.000057328  C
  1     6      -0.000089118      -0.000101151      -0.000107350  C
  1     6       0.000082921      -0.000247936      -0.000067911  C
  1     6      -0.000154120      -0.000231653      -0.000094581  C
  1     6       0.000132502      -0.000099375      -0.000056788  C
  1     6      -0.000020998       0.000036741      -0.000068861  C
  1     6       0.000024866      -0.000134550      -0.000069090  C
  1     6       0.000022911      -0.000152210      -0.000103510  C
  1     6      -0.000065579      -0.000184811      -0.000068274  C
  1     6      -0.000016100       0.000159877      -0.000154731  C
  1     6      -0.000028324      -0.000026678      -0.000050425  C
  1     6       0.000023288       0.000118716      -0.000096146  C
  1     6       0.000189380      -0.000108739      -0.000023616  C
  1     6      -0.000158581      -0.000186345      -0.000095517  C
  1     6      -0.000057099      -0.000101394      -0.000099017  C
  1     6      -0.000128385       0.000011413      -0.000079768  C
  1     6      -0.000018891       0.000134354      -0.000094449  C
  1     6      -0.000072809      -0.000025905      -0.000032640  C
  1     6       0.000010329      -0.000194707      -0.000032139  C
  1     6       0.000085984      -0.000174440      -0.000106133  C
  1     6       0.000178703      -0.000108561      -0.000126034  C
  1     6      -0.000038753      -0.000059798      -0.000103847  C
  1     6       0.000019103      -0.000086615       0.000110684  C
  1     6       0.000060316      -0.000052446      -0.000068609  C
  1     6      -0.000096172      -0.000008008      -0.000138129  C
  1     6       0.000148245       0.000112099      -0.000099088  C
  1     6       0.000012944       0.000029407      -0.000124153  C
  1     6      -0.000091321      -0.000222969      -0.000024084  C
  1     6      -0.000049102       0.000069647      -0.000023541  C
  1     6       0.000026721      -0.000079398      -0.000060565  C
  1     6       0.000228946      -0.000014580      -0.000074160  C
  1     6      -0.000042558       0.000089548      -0.000022900  C
  1     6      -0.000158799      -0.000059218      -0.000068127  C
  1     6       0.000114411      -0.000037752      -0.000032934  C
  1     6       0.000126283       0.000045520      -0.000067663  C
  1     6       0.000165842       0.000000904      -0.000048400  C
  1     6       0.000176316      -0.000083807      -0.000093570  C
  1     6      -0.000028961      -0.000064142      -0.000069884  C
  1     6       0.000074792      -0.000056876      -0.000104732  C
  1     6       0.000000888       0.000057323      -0.000065969  C
  1     6       0.000179343      -0.000022915      -0.000066648  C
  1     6       0.000097345      -0.000037132      -0.000122919  C
  1     6      -0.000000150      -0.000072571      -0.000062133  C
  1     6       0.000189872      -0.000189404      -0.000097293  C
  1     6       0.000110947      -0.000145011      -0.000125012  C
  1     6       0.000012742      -0.000234363      -0.000082868  C
  1     6       0.000070179      -0.000100138      -0.000083995  C
  1     6      -0.000105617      -0.000169096      -0.000066406  C
  1     6       0.000058818       0.000013014      -0.000108409  C
  1     6       0.000227090      -0.000162905      -0.000095934  C
  1     6       0.000017815      -0.000183348      -0.000123696  C
  1     6       0.000097621      -0.000257622      -0.000201339  C
  1     6       0.000141384      -0.000019317      -0.000083277  C
  1     6       0.000152937      -0.000110455      -0.000070754  C
  1     6       0.000192165      -0.000118153      -0.000025060  C
  1     6      -0.000022281      -0.000129172      -0.000084814  C
  1     6       0.000123031       0.000066241      -0.000201086  C
  1     6      -0.000135967      -0.000001062      -0.000049815  C
  1     6       0.000074693      -0.000151591      -0.000101513  C
  1     6       0.000102396      -0.000069873      -0.000052766  C
  1     6      -0.000059218      -0.000225474      -0.000095165  C
  1     6      -0.000167669      -0.000069828      -0.000201674  C
  1     6      -0.000114256       0.000018005      -0.000067775  C
  1     6       0.000010165      -0.000217679      -0.000140251  C
  1     6      -0.000013561       0.000017891      -0.000058900  C
  1     6       0.000135662      -0.000299230      -0.000101525  C
  1     6      -0.000005905      -0.000256403      -0.000068123  C
  1     6       0.000003653      -0.000027872      -0.000084744  C
  1     6      -0.000147885       0.000062873      -0.000075829  C
  1     6       0.000189229      -0.000004143      -0.000082050  C
  1     6      -0.000026323      -0.000307288      -0.000076053  C
  1     6      -0.000101833      -0.000011561      -0.000083573  C
  1     6      -0.000064771       0.000047725      -0.000094587  C
  1     6      -0.000030951       0.000054391      -0.000128253  C
  1     6      -0.000028094      -0.000128786      -0.000098958  C
  1     6      -0.000076797      -0.000202767      -0.000128392  C
  1     6       0.000021942      -0.000263458      -0.000049957  C
  1     6      -0.000059923      -0.000036865      -0.000123497  C
  1     6      -0.000215570      -0.000077050      -0.000100460  C
  1     6      -0.000168348      -0.000254666      -0.000156512  C
  1     6       0.000264418      -0.000171321      -0.000156485  C
  1     6       0.000141155      -0.000024353      -0.000139787  C
  1     6       0.000153174      -0.000147055      -0.000066457  C
  1     6      -0.000102638      -0.000220732      -0.000024105  C
  1     6       0.000014956      -0.000272510      -0.000080911  C
