              -4376.8069749830
         -0.000175991       0.000000012       0.000000000
          0.000000012      -0.000176015      -0.000000001
          0.000000000      -0.000000001      -0.000028142
         364
  1     6       0.000064619      -0.000009106      -0.000165349  C
  1     6       0.000025795       0.000089941      -0.000039884  C
  1     6       0.000068988      -0.000138337      -0.000148936  C
  1     6       0.000022871      -0.000101375       0.000007172  C
  1     6       0.000030700      -0.000087453      -0.000007315  C
  1     6       0.000016548      -0.000136471      -0.000146870  C
  1     6      -0.000084894       0.000031268      -0.000197549  C
  1     6       0.000016718       0.000016977       0.000040574  C
  1     6       0.000003891      -0.000015852       0.000133702  C
  1     6       0.000033605      -0.000069691      -0.000098164  C
  1     6       0.000023418      -0.000030184       0.000009216  C
  1     6       0.000071660       0.000017761       0.000045482  C
  1     6      -0.000066335       0.000042583       0.000115004  C
  1     6      -0.000098203       0.000023652      -0.000075387  C
  1     6      -0.000013382      -0.000104791       0.000106492  C
  1     6       0.000063830      -0.000067661       0.000030457  C
  1     6       0.000115958       0.000016038      -0.000173254  C
  1     6      -0.000000564       0.000040506      -0.000170684  C
  1     6       0.000054845       0.000020766      -0.000060434  C
  1     6      -0.000056500       0.000041562       0.000110747  C
  1     6       0.000103687       0.000001149      -0.000061054  C
  1     6       0.000133605       0.000094113      -0.000046325  C
  1     6       0.000062996       0.000131978      -0.000028713  C
  1     6      -0.000127015       0.000060314       0.000033854  C
  1     6      -0.000134912       0.000103720       0.000101034  C
  1     6      -0.000119335       0.000055569       0.000037699  C
  1     6       0.000057447      -0.000013661      -0.000020560  C
  1     6       0.000100476       0.000178765       0.000011491  C
  1     6       0.000021423       0.000076242       0.000078739  C
  1     6       0.000030335       0.000135382      -0.000061300  C
  1     6      -0.000097247       0.000007926       0.000154750  C
  1     6       0.000078740       0.000052067       0.000114999  C
  1     6       0.000162316       0.000053080       0.000098595  C
  1     6       0.000032208       0.000047213       0.000028681  C
  1     6       0.000062664       0.000052712       0.000029464  C
  1     6      -0.000058974       0.000113425       0.000229788  C
  1     6      -0.000006464       0.000145408      -0.000124392  C
  1     6       0.000097196       0.000181329      -0.000099931  C
  1     6       0.000068535       0.000083958       0.000022859  C
  1     6       0.000012147      -0.000005143      -0.000108297  C
  1     6      -0.000071735      -0.000013909      -0.000065648  C
  1     6      -0.000078736       0.000006436       0.000027516  C
  1     6       0.000001570       0.000060423      -0.000043756  C
  1     6       0.000008532       0.000003421      -0.000026398  C
  1     6      -0.000115607      -0.000008745       0.000059531  C
  1     6       0.000075392       0.000058239      -0.000071539  C
  1     6      -0.000040583      -0.000061979      -0.000029007  C
  1     6       0.000079917      -0.000084689      -0.000046877  C
  1     6       0.000101656      -0.000023903       0.000048145  C
  1     6       0.000096936      -0.000105742      -0.000060216  C
  1     6       0.000081134       0.000107875       0.000015186  C
  1     6      -0.000068233       0.000171643       0.000203478  C
  1     6       0.000007782       0.000116322       0.000044022  C
  1     6       0.000017005       0.000117688       0.000092836  C
  1     6       0.000002128       0.000097183       0.000063062  C
  1     6       0.000041234      -0.000014477       0.000111709  C
  1     6      -0.000053113       0.000037283       0.000047247  C
  1     6      -0.000051322       0.000063131       0.000032074  C
  1     6       0.000007741       0.000085341       0.000113275  C
  1     6       0.000022121       0.000015731       0.000109946  C
  1     6      -0.000106504       0.000002243       0.000006928  C
  1     6       0.000039664      -0.000026366       0.000037723  C
  1     6      -0.000028875      -0.000055124       0.000153795  C
  1     6      -0.000037625       0.000048907      -0.000036999  C
  1     6       0.000100279      -0.000177427      -0.000127981  C
  1     6      -0.000004693      -0.000002509      -0.000052552  C
  1     6       0.000078540       0.000049306       0.000019511  C
  1     6       0.000043835      -0.000012657      -0.000066499  C
  1     6      -0.000055374       0.000154568      -0.000131485  C
  1     6       0.000002545       0.000083864      -0.000121695  C
  1     6       0.000124125      -0.000086373      -0.000073443  C
  1     6      -0.000009803      -0.000060465      -0.000036791  C
  1     6      -0.000006227      -0.000126843      -0.000025999  C
  1     6       0.000010760      -0.000073104      -0.000172063  C
  1     6      -0.000100583       0.000041600      -0.000101417  C
  1     6      -0.000005047      -0.000002749      -0.000057615  C
  1     6       0.000033460      -0.000125189      -0.000114016  C
  1     6       0.000058486      -0.000097213      -0.000001370  C
  1     6       0.000054745      -0.000109570       0.000154169  C
  1     6       0.000060199      -0.000095132      -0.000106695  C
  1     6      -0.000114894      -0.000054030      -0.000015966  C
  1     6       0.000050995      -0.000118719       0.000082353  C
  1     6       0.000063504       0.000021442       0.000003284  C
  1     6      -0.000086911       0.000070141       0.000041129  C
  1     6       0.000091805       0.000012024      -0.000019686  C
  1     6      -0.000111884      -0.000016198      -0.000095427  C
  1     6      -0.000097907       0.000072013       0.000048944  C
  1     6       0.000007579      -0.000010183       0.000032004  C
  1     6      -0.000013474      -0.000047692      -0.000030236  C
  1     6       0.000058566      -0.000082973      -0.000002447  C
  1     6       0.000009453      -0.000134469      -0.000093052  C
  1     6       0.000072446       0.000054274      -0.000143237  C
  1     6      -0.000022993      -0.000022176      -0.000001303  C
  1     6       0.000065126      -0.000006047      -0.000071006  C
  1     6       0.000056892       0.000240505      -0.000215743  C
  1     6      -0.000060926       0.000061113       0.000045244  C
  1     6      -0.000037679      -0.000047788       0.000047254  C
  1     6      -0.000125318       0.000001813      -0.000052269  C
  1     6      -0.000067195       0.000054128      -0.000003434  C
  1     6      -0.000050846       0.000039402       0.000220710  C
  1     6      -0.000100126       0.000086138       0.000079934  C
  1     6      -0.000092016       0.000026511      -0.000026221  C
  1     6       0.000148191      -0.000052629       0.000007551  C
  1     6      -0.000017428       0.000041236       0.000142498  C
  1     6       0.000080023      -0.000007572       0.000139843  C
  1     6       0.000014750       0.000032630      -0.000004267  C
  1     6      -0.000191019       0.000058641      -0.000015582  C
  1     6       0.000005102      -0.000009866      -0.000047350  C
  1     6       0.000037277      -0.000158620      -0.000010346  C
  1     6       0.000063741      -0.000077560      -0.000224343  C
  1     6       0.000112387      -0.000048697       0.000035452  C
  1     6      -0.000007174      -0.000080490      -0.000020629  C
  1     6      -0.000153156      -0.000046599      -0.000041453  C
  1     6      -0.000110620      -0.000227150      -0.000060306  C
  1     6      -0.000011343      -0.000115504      -0.000008042  C
  1     6       0.000024181      -0.000009962      -0.000017714  C
  1     6      -0.000019272      -0.000151519      -0.000055140  C
  1     6      -0.000184445      -0.000079374      -0.000140557  C
  1     6      -0.000114337      -0.000015698      -0.000052179  C
  1     6       0.000036312      -0.000073236       0.000022264  C
  1     6       0.000066173      -0.000016151      -0.000010087  C
  1     6       0.000049804       0.000055320       0.000019275  C
  1     6      -0.000007346      -0.000011302       0.000077120  C
  1     6       0.000041893      -0.000012471       0.000191585  C
  1     6      -0.000040613      -0.000045599       0.000046922  C
  1     6       0.000136683      -0.000108618      -0.000108008  C
  1     6       0.000088351      -0.000049168       0.000177884  C
  1     6       0.000031041      -0.000004353      -0.000007937  C
  1     6      -0.000031956      -0.000127296      -0.000012178  C
  1     6      -0.000105952      -0.000085864       0.000047545  C
  1     6      -0.000103493      -0.000077942      -0.000003534  C
  1     6       0.000051417      -0.000083511       0.000025125  C
  1     6      -0.000029046      -0.000046795      -0.000030622  C
  1     6      -0.000176878      -0.000073399      -0.000006048  C
  1     6      -0.000055594      -0.000136163      -0.000032434  C
  1     6      -0.000061707       0.000098713      -0.000042221  C
  1     6       0.000039115       0.000022944      -0.000016909  C
  1     6       0.000065201      -0.000053546       0.000018189  C
  1     6      -0.000025486       0.000039528      -0.000041833  C
  1     6      -0.000037083       0.000001376       0.000047141  C
  1     6       0.000090835      -0.000081469       0.000065336  C
  1     6       0.000004477       0.000068863      -0.000122447  C
  1     6       0.000058054      -0.000182840      -0.000078813  C
  1     6       0.000035293      -0.000124894      -0.000042333  C
  1     6      -0.000026392      -0.000032501       0.000019789  C
  1     6      -0.000022277       0.000005683      -0.000108652  C
  1     6       0.000017051      -0.000003142       0.000037962  C
  1     6      -0.000115186      -0.000100714       0.000056015  C
  1     6      -0.000006541      -0.000065014      -0.000065659  C
  1     6      -0.000039535      -0.000100434      -0.000123711  C
  1     6      -0.000108312       0.000049012       0.000085973  C
  1     6       0.000026695       0.000055624       0.000001090  C
  1     6      -0.000040283       0.000023147      -0.000128398  C
  1     6       0.000066630       0.000075406       0.000010999  C
  1     6       0.000036064       0.000019793       0.000016089  C
  1     6       0.000031442       0.000096931      -0.000009715  C
  1     6       0.000016694       0.000117910       0.000012865  C
  1     6       0.000122115      -0.000051644       0.000053020  C
  1     6      -0.000059480      -0.000049528       0.000054598  C
  1     6       0.000120404      -0.000020394      -0.000046287  C
  1     6      -0.000037317       0.000025634      -0.000020653  C
  1     6      -0.000019523       0.000013065      -0.000028290  C
  1     6      -0.000106175       0.000049711       0.000008380  C
  1     6      -0.000141867      -0.000075777       0.000039091  C
  1     6       0.000083759       0.000040243      -0.000045688  C
  1     6       0.000007992       0.000006014      -0.000051430  C
  1     6      -0.000019334       0.000007695       0.000061827  C
  1     6      -0.000113038       0.000035138       0.000152601  C
  1     6      -0.000044188       0.000075726      -0.000009480  C
  1     6       0.000022990       0.000115379       0.000073847  C
  1     6      -0.000020689       0.000017436      -0.000005409  C
  1     6       0.000000013       0.000033088       0.000100805  C
  1     6      -0.000028139      -0.000011005       0.000063369  C
  1     6      -0.000069470       0.000083247       0.000042575  C
  1     6       0.000064114       0.000052466       0.000085950  C
  1     6       0.000052041       0.000014921      -0.000089003  C
  1     6       0.000089374      -0.000030907      -0.000115874  C
  1     6       0.000005734       0.000060703       0.000055281  C
  1     6       0.000059197      -0.000017509      -0.000098667  C
  1     6      -0.000087007       0.000077468      -0.000109302  C
  1     6      -0.000085885       0.000147713      -0.000024809  C
  1     6      -0.000003136       0.000001576      -0.000221602  C
  1     6      -0.000075215      -0.000051313      -0.000002144  C
  1     6       0.000016271       0.000022529       0.000068518  C
  1     6       0.000010241      -0.000011750       0.000107184  C
  1     6      -0.000034340       0.000032837       0.000023284  C
  1     6      -0.000070089       0.000121531       0.000162751  C
  1     6      -0.000049794      -0.000017725       0.000072556  C
  1     6       0.000031989       0.000046463      -0.000104365  C
  1     6       0.000062501       0.000024161      -0.000090562  C
  1     6       0.000015160       0.000002759      -0.000113513  C
  1     6      -0.000039451      -0.000003440       0.000010799  C
  1     6       0.000046573      -0.000037227       0.000053428  C
  1     6      -0.000039763       0.000000258       0.000081924  C
  1     6       0.000019275       0.000014745       0.000082758  C
  1     6       0.000068840      -0.000135428       0.000013797  C
  1     6      -0.000180427      -0.000019583       0.000036202  C
  1     6      -0.000065876       0.000034641       0.000051240  C
  1     6       0.000020608       0.000147476       0.000008262  C
  1     6       0.000100327       0.000108481      -0.000024351  C
  1     6       0.000048210       0.000019143       0.000019282  C
  1     6       0.000014240       0.000059693       0.000004645  C
  1     6      -0.000033694       0.000065460       0.000116090  C
  1     6       0.000014213      -0.000055803       0.000029818  C
  1     6      -0.000003678      -0.000068714      -0.000108607  C
  1     6      -0.000030126      -0.000086964      -0.000104313  C
  1     6      -0.000173135       0.000016386       0.000050658  C
  1     6      -0.000120417      -0.000032549      -0.000018937  C
  1     6      -0.000071550      -0.000009024      -0.000041595  C
  1     6       0.000027318      -0.000053437       0.000112191  C
  1     6       0.000100305      -0.000062734      -0.000026754  C
  1     6      -0.000017414      -0.000091157      -0.000001775  C
  1     6      -0.000092671       0.000075952       0.000095095  C
  1     6      -0.000083777      -0.000068082       0.000017128  C
  1     6       0.000135497       0.000084566      -0.000002632  C
  1     6       0.000314250       0.000062748       0.000091460  C
  1     6       0.000037585       0.000055727       0.000062533  C
  1     6      -0.000004253      -0.000006786      -0.000026921  C
  1     6      -0.000033724      -0.000065493      -0.000069416  C
  1     6      -0.000053107       0.000014020       0.000002098  C
  1     6       0.000006199       0.000025398      -0.000123776  C
  1     6      -0.000104718      -0.000016456      -0.000057576  C
  1     6      -0.000126222       0.000009479       0.000020981  C
  1     6      -0.000083925       0.000020866       0.000098938  C
  1     6       0.000019569       0.000043317       0.000047419  C
  1     6       0.000082866       0.000104912       0.000018941  C
  1     6       0.000076863      -0.000032031      -0.000001478  C
  1     6      -0.000029484      -0.000029891       0.000021084  C
  1     6      -0.000134413      -0.000021034      -0.000087743  C
  1     6      -0.000068825      -0.000112379       0.000011499  C
  1     6       0.000122755       0.000196369      -0.000062791  C
  1     6       0.000061613       0.000010864       0.000044281  C
  1     6      -0.000017651       0.000050977      -0.000046015  C
  1     6      -0.000133168      -0.000076371      -0.000096372  C
  1     6      -0.000054657       0.000037792      -0.000014504  C
  1     6       0.000016649       0.000050705       0.000043616  C
  1     6      -0.000174442      -0.000033087       0.000033321  C
  1     6      -0.000028808       0.000024389       0.000023200  C
  1     6      -0.000079022      -0.000012431       0.000038571  C
  1     6       0.000023243      -0.000001793       0.000105933  C
  1     6       0.000132807       0.000163656      -0.000110833  C
  1     6       0.000043443       0.000050802      -0.000008229  C
  1     6       0.000136191      -0.000061137       0.000017827  C
  1     6      -0.000147200      -0.000010336       0.000078631  C
  1     6      -0.000006376      -0.000060336       0.000005309  C
  1     6      -0.000049264       0.000073735       0.000083763  C
  1     6      -0.000002096       0.000038743       0.000085423  C
  1     6       0.000044634       0.000085491      -0.000045984  C
  1     6      -0.000159289       0.000171045      -0.000021154  C
  1     6       0.000018501       0.000097773      -0.000007903  C
  1     6       0.000052886       0.000068943       0.000020155  C
  1     6      -0.000052726      -0.000028083       0.000067519  C
  1     6      -0.000071555       0.000040737      -0.000014218  C
  1     6      -0.000082407       0.000064904       0.000036587  C
  1     6       0.000027155       0.000109018       0.000003414  C
  1     6       0.000016035       0.000158964      -0.000074051  C
  1     6       0.000117481       0.000065238       0.000023183  C
  1     6       0.000048959      -0.000103377       0.000033428  C
  1     6       0.000003898      -0.000050385       0.000064957  C
  1     6      -0.000062316       0.000167349      -0.000088673  C
  1     6      -0.000021063       0.000144415      -0.000065924  C
  1     6      -0.000016691       0.000201275       0.000044796  C
  1     6      -0.000036055      -0.000007598      -0.000162154  C
  1     6      -0.000073593       0.000051668      -0.000022659  C
  1     6      -0.000020714       0.000232193      -0.000063684  C
  1     6      -0.000011400       0.000165474      -0.000120899  C
  1     6       0.000057285       0.000028905      -0.000152534  C
  1     6       0.000026796      -0.000076695       0.000162166  C
  1     6      -0.000013480      -0.000030442      -0.000026410  C
  1     6      -0.000021567      -0.000026600       0.000077639  C
  1     6      -0.000013694       0.000098310       0.000044417  C
  1     6      -0.000078922       0.000068282       0.000115922  C
  1     6      -0.000072175      -0.000033126       0.000027302  C
  1     6      -0.000016222       0.000073060       0.000120703  C
  1     6       0.000080724      -0.000001231       0.000022714  C
  1     6       0.000039139      -0.000081016      -0.000078672  C
  1     6       0.000065283      -0.000083769      -0.000012374  C
  1     6      -0.000009728       0.000012986       0.000015767  C
  1     6       0.000024552       0.000029634       0.000075565  C
  1     6       0.000011889      -0.000009804       0.000050919  C
  1     6      -0.000081148      -0.000008162      -0.000078844  C
  1     6      -0.000095665      -0.000039072       0.000026243  C
  1     6       0.000029163      -0.000042370      -0.000081086  C
  1     6       0.000072599       0.000015289       0.000135112  C
  1     6       0.000007467       0.000043681       0.000084484  C
  1     6      -0.000070598       0.000047271       0.000011492  C
  1     6       0.000021617       0.000008469       0.000079868  C
  1     6       0.000166674      -0.000102609       0.000007783  C
  1     6       0.000025037      -0.000001790       0.000074707  C
  1     6       0.000149371       0.000060489       0.000010692  C
  1     6       0.000036104       0.000075188       0.000033155  C
  1     6      -0.000046326       0.000167378       0.000004120  C
  1     6       0.000052547       0.000039131       0.000014421  C
  1     6       0.000083676      -0.000020335       0.000101373  C
  1     6      -0.000067979      -0.000009713       0.000020674  C
  1     6      -0.000043567      -0.000135990       0.000163405  C
  1     6      -0.000200110      -0.000099777      -0.000126797  C
  1     6      -0.000023807       0.000050539      -0.000102368  C
  1     6       0.000082821      -0.000067995       0.000008759  C
  1     6       0.000108532      -0.000055602      -0.000102359  C
  1     6      -0.000062634      -0.000027492       0.000008014  C
  1     6      -0.000081330       0.000063851      -0.000068046  C
  1     6       0.000038307       0.000010062      -0.000021236  C
  1     6       0.000130956      -0.000094071      -0.000100248  C
  1     6       0.000027761      -0.000006058       0.000000291  C
  1     6       0.000014868      -0.000049581      -0.000007715  C
  1     6      -0.000021817      -0.000051521       0.000090451  C
  1     6      -0.000099455       0.000064287      -0.000019370  C
  1     6       0.000021749      -0.000005588       0.000145258  C
  1     6       0.000015654       0.000026838       0.000009415  C
  1     6       0.000054678       0.000031582      -0.000035077  C
  1     6      -0.000141824      -0.000123899       0.000012173  C
  1     6      -0.000159027      -0.000082249       0.000013832  C
  1     6      -0.000017125      -0.000032772       0.000029347  C
  1     6       0.000077465       0.000103409      -0.000018006  C
  1     6       0.000085240       0.000117497      -0.000027041  C
  1     6       0.000041100       0.000014962      -0.000113293  C
  1     6       0.000024014      -0.000005906      -0.000097794  C
  1     6       0.000047483      -0.000036650      -0.000041157  C
  1     6       0.000092216       0.000056563      -0.000165572  C
  1     6      -0.000059319       0.000010467      -0.000052520  C
  1     6      -0.000058030      -0.000073749       0.000105491  C
  1     6      -0.000007347       0.000042623      -0.000075947  C
  1     6       0.000105218      -0.000014082       0.000022279  C
  1     6       0.000123978      -0.000035842      -0.000010658  C
  1     6       0.000171412       0.000146956       0.000062643  C
  1     6       0.000025480       0.000006216      -0.000036118  C
  1     6      -0.000057471      -0.000087054       0.000010354  C
  1     6      -0.000120733      -0.000102069       0.000106842  C
  1     6      -0.000020433       0.000006548      -0.000076552  C
  1     6       0.000010688      -0.000018757       0.000028748  C
  1     6      -0.000092840      -0.000078517       0.000055153  C
  1     6      -0.000112301       0.000005999       0.000024226  C
  1     6       0.000030171      -0.000041611      -0.000160026  C
  1     6       0.000064136      -0.000090663      -0.000065207  C
  1     6       0.000051322      -0.000092692      -0.000152338  C
  1     6      -0.000094391      -0.000135377      -0.000087492  C
  1     6       0.000088021      -0.000148858       0.000068066  C
  1     6       0.000055158       0.000136732       0.000076593  C
  1     6       0.000155554       0.000053199       0.000083384  C
  1     6       0.000180168      -0.000033815      -0.000025814  C
  1     6       0.000023229      -0.000112642      -0.000053776  C
  1     6       0.000032942      -0.000035461      -0.000045117  C
  1     6      -0.000087126       0.000081994       0.000208399  C
  1     6       0.000019883       0.000001860       0.000022134  C
  1     6      -0.000134396      -0.000125820       0.000017630  C
  1     6      -0.000033027      -0.000202407      -0.000005909  C
  1     6      -0.000107337      -0.000206347      -0.000013097  C
  1     6      -0.000018804       0.000036832      -0.000115462  C
  1     6       0.000034671      -0.000144590      -0.000018122  C
  1     6       0.000002670      -0.000134620      -0.000052065  C
  1     6       0.000040866      -0.000120238      -0.000028543  C
  1     6      -0.000046728      -0.000082660      -0.000105674  C
  1     6       0.000130401       0.000052556       0.000262831  C
  1     6       0.000085784      -0.000030513      -0.000010536  C
  1     6       0.000129095      -0.000031553       0.000024250  C
  1     6       0.000095675      -0.000091988       0.000044908  C
  1     6       0.000016398      -0.000049759       0.000118622  C
  1     6       0.000089871       0.000033839      -0.000057712  C
  1     6      -0.000128932       0.000024256       0.000064577  C
  1     6      -0.000019957      -0.000037782       0.000151736  C
  1     6      -0.000019674      -0.000064912       0.000136024  C
  1     6       0.000025547      -0.000136529      -0.000043935  C
  1     6       0.000047855      -0.000116225       0.000117032  C
