              -8128.2749241137
         -0.000177085      -0.000000021      -0.000000000
         -0.000000021      -0.000177056      -0.000000000
         -0.000000000      -0.000000000      -0.000026876
         676
  1     6       0.000003339      -0.000080692       0.000210812  C
  1     6      -0.000154195      -0.000048921       0.000233976  C
  1     6       0.000008147      -0.000072644       0.000103018  C
  1     6      -0.000109605      -0.000035793       0.000099950  C
  1     6      -0.000039001       0.000069694       0.000083259  C
  1     6       0.000018572       0.000081883       0.000088103  C
  1     6       0.000147048       0.000118591       0.000173484  C
  1     6       0.000060966       0.000162729       0.000211521  C
  1     6       0.000029298      -0.000134077       0.000259376  C
  1     6       0.000129056      -0.000088069       0.000206720  C
  1     6       0.000150020      -0.000004932       0.000143485  C
  1     6       0.000067103      -0.000007308       0.000164051  C
  1     6      -0.000035959       0.000045942       0.000180291  C
  1     6       0.000091232       0.000347352       0.000240777  C
  1     6       0.000089286       0.000209670       0.000259975  C
  1     6       0.000041721      -0.000017577       0.000046852  C
  1     6       0.000150800      -0.000038259       0.000021531  C
  1     6       0.000106688      -0.000163452       0.000070428  C
  1     6       0.000022150      -0.000143926       0.000022893  C
  1     6      -0.000233247      -0.000063990      -0.000005051  C
  1     6      -0.000007379      -0.000052846       0.000034621  C
  1     6      -0.000058493       0.000267091       0.000022564  C
  1     6      -0.000006930       0.000064544       0.000121968  C
  1     6      -0.000079581      -0.000134236       0.000172972  C
  1     6       0.000071086      -0.000160062       0.000157960  C
  1     6       0.000079631      -0.000074384       0.000215264  C
  1     6      -0.000006877      -0.000023399       0.000313643  C
  1     6      -0.000028353       0.000161852       0.000208417  C
  1     6       0.000083409       0.000257695       0.000159074  C
  1     6       0.000104497       0.000013918       0.000235435  C
  1     6      -0.000055857      -0.000023767       0.000173132  C
  1     6       0.000151021      -0.000210783       0.000240076  C
  1     6       0.000121589      -0.000047183       0.000156959  C
  1     6       0.000145702      -0.000043103       0.000071209  C
  1     6       0.000061720       0.000172834       0.000140447  C
  1     6      -0.000046460       0.000244445       0.000157879  C
  1     6      -0.000009260       0.000279318       0.000208304  C
  1     6      -0.000154578       0.000191038       0.000146046  C
  1     6      -0.000150680      -0.000074375       0.000067515  C
  1     6      -0.000151769       0.000071683       0.000033728  C
  1     6      -0.000010070      -0.000110727       0.000129390  C
  1     6      -0.000164434       0.000010273       0.000079211  C
  1     6       0.000074726       0.000155332       0.000129597  C
  1     6       0.000061235       0.000288092       0.000071464  C
  1     6       0.000044037       0.000202533       0.000025448  C
  1     6      -0.000016973       0.000230993       0.000094518  C
  1     6      -0.000043686      -0.000014757       0.000087973  C
  1     6       0.000046332      -0.000023673       0.000207775  C
  1     6      -0.000072228       0.000010442       0.000255375  C
  1     6      -0.000001264       0.000042370       0.000255598  C
  1     6      -0.000006506       0.000218235       0.000216013  C
  1     6       0.000037000       0.000166791       0.000104395  C
  1     6      -0.000193674       0.000122329       0.000169958  C
  1     6      -0.000072557      -0.000032361       0.000235585  C
  1     6      -0.000047416       0.000044458       0.000179783  C
  1     6       0.000012956      -0.000108026       0.000139823  C
  1     6      -0.000047983       0.000050086       0.000091342  C
  1     6      -0.000066219       0.000258184       0.000072555  C
  1     6      -0.000099186       0.000249147       0.000144517  C
  1     6      -0.000322230       0.000216131       0.000184302  C
  1     6      -0.000214208       0.000203996       0.000065652  C
  1     6      -0.000141980       0.000032747      -0.000022353  C
  1     6      -0.000040956       0.000267128      -0.000005659  C
  1     6      -0.000015746       0.000167893       0.000078552  C
  1     6       0.000043062      -0.000034834       0.000078778  C
  1     6       0.000079332       0.000204916       0.000022732  C
  1     6      -0.000147610       0.000143349       0.000169144  C
  1     6      -0.000308549       0.000108163       0.000028947  C
  1     6      -0.000138110       0.000105246       0.000016068  C
  1     6      -0.000022666       0.000030546       0.000082926  C
  1     6      -0.000123039       0.000051744       0.000312445  C
  1     6      -0.000064060       0.000091094       0.000255388  C
  1     6      -0.000009869       0.000122497       0.000312560  C
  1     6       0.000050956       0.000041815       0.000100824  C
  1     6      -0.000248367       0.000216673      -0.000019952  C
  1     6      -0.000084931      -0.000044991       0.000059733  C
  1     6      -0.000003492      -0.000000319       0.000189225  C
  1     6      -0.000139840      -0.000023989       0.000163979  C
  1     6      -0.000215162      -0.000068219       0.000071291  C
  1     6      -0.000207681       0.000085325       0.000139842  C
  1     6      -0.000055919       0.000176371       0.000164056  C
  1     6      -0.000246030       0.000079371       0.000130708  C
  1     6      -0.000227128      -0.000023735       0.000087409  C
  1     6      -0.000057534       0.000093840       0.000075963  C
  1     6      -0.000075040       0.000026982       0.000040900  C
  1     6      -0.000235424       0.000084500       0.000022400  C
  1     6      -0.000197668       0.000107857       0.000128835  C
  1     6       0.000140965      -0.000052528      -0.000005911  C
  1     6      -0.000045193       0.000100180       0.000040472  C
  1     6      -0.000100172      -0.000003823       0.000068203  C
  1     6      -0.000115049       0.000046494      -0.000021232  C
  1     6       0.000115298      -0.000028780      -0.000046662  C
  1     6      -0.000073436       0.000139758       0.000100190  C
  1     6      -0.000205363       0.000006543       0.000214990  C
  1     6      -0.000154455       0.000020014       0.000207290  C
  1     6      -0.000071100       0.000051803       0.000082329  C
  1     6      -0.000196315      -0.000042245      -0.000046835  C
  1     6      -0.000181133      -0.000000368      -0.000102214  C
  1     6       0.000041064      -0.000000233       0.000049091  C
  1     6       0.000038282      -0.000138375       0.000130721  C
  1     6      -0.000178354      -0.000091225       0.000143474  C
  1     6      -0.000208891      -0.000036237       0.000156752  C
  1     6      -0.000048917       0.000066235       0.000179095  C
  1     6      -0.000107230       0.000050972       0.000188576  C
  1     6      -0.000132111       0.000004743       0.000048419  C
  1     6      -0.000085142      -0.000148984       0.000087878  C
  1     6       0.000035149       0.000031465       0.000068173  C
  1     6      -0.000063263      -0.000077200       0.000168166  C
  1     6      -0.000292825       0.000031276       0.000070077  C
  1     6       0.000027135       0.000146142       0.000032599  C
  1     6      -0.000012183       0.000157554      -0.000023951  C
  1     6      -0.000004094       0.000047105       0.000074837  C
  1     6      -0.000198826       0.000181867       0.000087770  C
  1     6       0.000068887      -0.000045657      -0.000102040  C
  1     6      -0.000079758      -0.000202714      -0.000020313  C
  1     6      -0.000172410       0.000070498       0.000103145  C
  1     6      -0.000280775       0.000065952       0.000157422  C
  1     6      -0.000102278       0.000098468       0.000086855  C
  1     6       0.000047225       0.000118086       0.000014976  C
  1     6      -0.000016812       0.000109812      -0.000022024  C
  1     6       0.000145508       0.000111365       0.000087705  C
  1     6       0.000121596      -0.000069239       0.000087133  C
  1     6      -0.000036827      -0.000268814       0.000183309  C
  1     6      -0.000245833      -0.000021247       0.000206992  C
  1     6      -0.000364435       0.000026123       0.000239272  C
  1     6      -0.000105074       0.000132583       0.000234127  C
  1     6      -0.000118236       0.000140557       0.000058551  C
  1     6      -0.000021910       0.000190429      -0.000102782  C
  1     6      -0.000002572      -0.000009751      -0.000021573  C
  1     6       0.000048551      -0.000201029       0.000028613  C
  1     6      -0.000202606       0.000059821       0.000024401  C
  1     6      -0.000213519      -0.000058879       0.000021028  C
  1     6      -0.000097481       0.000223934       0.000066097  C
  1     6       0.000166149       0.000133898       0.000064053  C
  1     6      -0.000027550       0.000249359       0.000086676  C
  1     6      -0.000044025       0.000143511       0.000049009  C
  1     6       0.000067418       0.000062305       0.000059530  C
  1     6      -0.000020314      -0.000108711       0.000169250  C
  1     6      -0.000070791       0.000206016       0.000234092  C
  1     6      -0.000183906       0.000194454       0.000172055  C
  1     6       0.000095757      -0.000047962       0.000093102  C
  1     6       0.000124470       0.000256357       0.000027967  C
  1     6      -0.000069235       0.000120085       0.000067815  C
  1     6      -0.000069866       0.000008734       0.000075758  C
  1     6      -0.000080600      -0.000177639       0.000065059  C
  1     6      -0.000094617      -0.000110967       0.000145242  C
  1     6      -0.000234873       0.000093981       0.000258996  C
  1     6      -0.000106645       0.000114855       0.000171762  C
  1     6       0.000086844       0.000148914       0.000168107  C
  1     6       0.000192229       0.000141460      -0.000021149  C
  1     6      -0.000055278       0.000221284      -0.000046879  C
  1     6      -0.000036706      -0.000068023       0.000015987  C
  1     6      -0.000200407      -0.000014764       0.000094520  C
  1     6      -0.000057033       0.000083042       0.000121382  C
  1     6      -0.000142647       0.000027314       0.000046121  C
  1     6       0.000127894       0.000093375       0.000144377  C
  1     6       0.000232481       0.000213626       0.000182629  C
  1     6       0.000076325       0.000208658       0.000130291  C
  1     6      -0.000017336       0.000097387       0.000189099  C
  1     6       0.000050867       0.000063490       0.000235639  C
  1     6       0.000042620       0.000080551       0.000172755  C
  1     6      -0.000178040       0.000089472       0.000210961  C
  1     6      -0.000053547       0.000026500       0.000120904  C
  1     6       0.000031731      -0.000092651       0.000024089  C
  1     6       0.000078147       0.000091795       0.000168407  C
  1     6      -0.000011413       0.000022953       0.000041046  C
  1     6       0.000024096      -0.000033100      -0.000022520  C
  1     6       0.000123955       0.000021657       0.000067837  C
  1     6      -0.000015537       0.000163696       0.000046798  C
  1     6       0.000015524      -0.000163533       0.000046800  C
  1     6      -0.000123921      -0.000021578       0.000067839  C
  1     6      -0.000023968       0.000033236      -0.000022520  C
  1     6       0.000011460      -0.000022909       0.000041046  C
  1     6      -0.000078170      -0.000091740       0.000168410  C
  1     6      -0.000031782       0.000092570       0.000024090  C
  1     6       0.000053551      -0.000026540       0.000120902  C
  1     6       0.000177999      -0.000089450       0.000210955  C
  1     6      -0.000042697      -0.000080448       0.000172763  C
  1     6      -0.000050891      -0.000063462       0.000235631  C
  1     6       0.000017254      -0.000097329       0.000189104  C
  1     6      -0.000076329      -0.000208618       0.000130293  C
  1     6      -0.000232590      -0.000213709       0.000182630  C
  1     6      -0.000127855      -0.000093378       0.000144378  C
  1     6       0.000142784      -0.000027374       0.000046122  C
  1     6       0.000057112      -0.000083171       0.000121398  C
  1     6       0.000200346       0.000014764       0.000094515  C
  1     6       0.000036773       0.000068094       0.000015990  C
  1     6       0.000055270      -0.000221217      -0.000046873  C
  1     6      -0.000192355      -0.000141524      -0.000021148  C
  1     6      -0.000086859      -0.000148961       0.000168112  C
  1     6       0.000106579      -0.000114871       0.000171761  C
  1     6       0.000234875      -0.000094016       0.000258997  C
  1     6       0.000094566       0.000110812       0.000145263  C
  1     6       0.000080694       0.000177712       0.000065059  C
  1     6       0.000069947      -0.000008570       0.000075754  C
  1     6       0.000069232      -0.000120005       0.000067813  C
  1     6      -0.000124545      -0.000256511       0.000027970  C
  1     6      -0.000095719       0.000048003       0.000093098  C
  1     6       0.000183991      -0.000194444       0.000172060  C
  1     6       0.000070909      -0.000206045       0.000234106  C
  1     6       0.000020442       0.000108673       0.000169253  C
  1     6      -0.000067342      -0.000062094       0.000059533  C
  1     6       0.000044131      -0.000143227       0.000049005  C
  1     6       0.000027328      -0.000249490       0.000086675  C
  1     6      -0.000166110      -0.000133986       0.000064051  C
  1     6       0.000097452      -0.000223955       0.000066095  C
  1     6       0.000213506       0.000058873       0.000021027  C
  1     6       0.000202497      -0.000059896       0.000024397  C
  1     6      -0.000048443       0.000201065       0.000028609  C
  1     6       0.000002780       0.000009971      -0.000021567  C
  1     6       0.000021624      -0.000190460      -0.000102787  C
  1     6       0.000118142      -0.000140870       0.000058556  C
  1     6       0.000104907      -0.000132679       0.000234122  C
  1     6       0.000364401      -0.000026213       0.000239267  C
  1     6       0.000245867       0.000021209       0.000206995  C
  1     6       0.000037214       0.000269128       0.000183307  C
  1     6      -0.000121480       0.000069313       0.000087137  C
  1     6      -0.000145472      -0.000111367       0.000087704  C
  1     6       0.000016537      -0.000109963      -0.000022029  C
  1     6      -0.000046985      -0.000118227       0.000014965  C
  1     6       0.000102217      -0.000098557       0.000086873  C
  1     6       0.000280683      -0.000065933       0.000157422  C
  1     6       0.000172326      -0.000070432       0.000103148  C
  1     6       0.000080241       0.000202913      -0.000020303  C
  1     6      -0.000068720       0.000045660      -0.000102033  C
  1     6       0.000198573      -0.000181739       0.000087786  C
  1     6       0.000004014      -0.000047239       0.000074829  C
  1     6       0.000012181      -0.000157675      -0.000023939  C
  1     6      -0.000027136      -0.000146120       0.000032618  C
  1     6       0.000292828      -0.000031212       0.000070079  C
  1     6       0.000063405       0.000077396       0.000168150  C
  1     6      -0.000035015      -0.000031433       0.000068176  C
  1     6       0.000084942       0.000148934       0.000087878  C
  1     6       0.000132088      -0.000004770       0.000048431  C
  1     6       0.000107538      -0.000051068       0.000188581  C
  1     6       0.000048934      -0.000066215       0.000179084  C
  1     6       0.000208900       0.000036266       0.000156747  C
  1     6       0.000178237       0.000091370       0.000143468  C
  1     6      -0.000038175       0.000138436       0.000130694  C
  1     6      -0.000040979       0.000000148       0.000049091  C
  1     6       0.000180932       0.000000273      -0.000102206  C
  1     6       0.000196239       0.000042300      -0.000046834  C
  1     6       0.000070895      -0.000051891       0.000082343  C
  1     6       0.000154652      -0.000020045       0.000207301  C
  1     6       0.000205468      -0.000006385       0.000214984  C
  1     6       0.000073432      -0.000139701       0.000100176  C
  1     6      -0.000115116       0.000028702      -0.000046662  C
  1     6       0.000114733      -0.000046740      -0.000021236  C
  1     6       0.000099845       0.000003774       0.000068208  C
  1     6       0.000045437      -0.000100177       0.000040466  C
  1     6      -0.000140852       0.000052494      -0.000005897  C
  1     6       0.000198031      -0.000107625       0.000128835  C
  1     6       0.000235263      -0.000084387       0.000022402  C
  1     6       0.000075065      -0.000027089       0.000040898  C
  1     6       0.000057669      -0.000093950       0.000075968  C
  1     6       0.000226802       0.000023670       0.000087411  C
  1     6       0.000246009      -0.000079249       0.000130717  C
  1     6       0.000055829      -0.000176423       0.000164046  C
  1     6       0.000207950      -0.000085274       0.000139837  C
  1     6       0.000215157       0.000068367       0.000071294  C
  1     6       0.000139776       0.000023988       0.000163983  C
  1     6       0.000003523       0.000000171       0.000189223  C
  1     6       0.000084710       0.000044945       0.000059723  C
  1     6       0.000248310      -0.000216548      -0.000020037  C
  1     6      -0.000050952      -0.000041763       0.000100841  C
  1     6       0.000010151      -0.000122530       0.000312559  C
  1     6       0.000064270      -0.000090885       0.000255397  C
  1     6       0.000123005      -0.000051661       0.000312448  C
  1     6       0.000022587      -0.000030529       0.000082910  C
  1     6       0.000138306      -0.000105318       0.000016063  C
  1     6       0.000308540      -0.000108097       0.000028957  C
  1     6       0.000147578      -0.000143223       0.000169151  C
  1     6      -0.000079411      -0.000204789       0.000022734  C
  1     6      -0.000043306       0.000034753       0.000078794  C
  1     6       0.000015607      -0.000167837       0.000078550  C
  1     6       0.000040850      -0.000267172      -0.000005662  C
  1     6       0.000141954      -0.000032937      -0.000022357  C
  1     6       0.000214056      -0.000204058       0.000065657  C
  1     6       0.000322331      -0.000216093       0.000184299  C
  1     6       0.000099037      -0.000248999       0.000144523  C
  1     6       0.000066387      -0.000257898       0.000072557  C
  1     6       0.000048258      -0.000050116       0.000091350  C
  1     6      -0.000013136       0.000107948       0.000139836  C
  1     6       0.000046591      -0.000045083       0.000179770  C
  1     6       0.000072689       0.000032283       0.000235589  C
  1     6       0.000193754      -0.000122308       0.000169971  C
  1     6      -0.000036922      -0.000166705       0.000104399  C
  1     6       0.000006460      -0.000218127       0.000216001  C
  1     6       0.000001672      -0.000042380       0.000255603  C
  1     6       0.000072070      -0.000010613       0.000255376  C
  1     6      -0.000046555       0.000023617       0.000207785  C
  1     6       0.000043651       0.000014748       0.000087970  C
  1     6       0.000016798      -0.000231017       0.000094519  C
  1     6      -0.000044048      -0.000202485       0.000025451  C
  1     6      -0.000061212      -0.000288016       0.000071454  C
  1     6      -0.000074495      -0.000155238       0.000129600  C
  1     6       0.000164658      -0.000010421       0.000079210  C
  1     6       0.000009961       0.000110556       0.000129395  C
  1     6       0.000151660      -0.000071753       0.000033733  C
  1     6       0.000150754       0.000074327       0.000067517  C
  1     6       0.000154508      -0.000191101       0.000146047  C
  1     6       0.000009173      -0.000279371       0.000208301  C
  1     6       0.000046356      -0.000244290       0.000157882  C
  1     6      -0.000061617      -0.000172928       0.000140448  C
  1     6      -0.000145864       0.000042948       0.000071198  C
  1     6      -0.000121662       0.000047171       0.000156963  C
  1     6      -0.000150964       0.000210935       0.000240078  C
  1     6       0.000055840       0.000023796       0.000173136  C
  1     6      -0.000104413      -0.000013893       0.000235430  C
  1     6      -0.000083288      -0.000257630       0.000159068  C
  1     6       0.000028498      -0.000161803       0.000208420  C
  1     6       0.000006862       0.000023213       0.000313644  C
  1     6      -0.000079712       0.000074267       0.000215264  C
  1     6      -0.000071177       0.000160112       0.000157955  C
  1     6       0.000079590       0.000134364       0.000173004  C
  1     6       0.000006841      -0.000064512       0.000121967  C
  1     6       0.000058544      -0.000267122       0.000022567  C
  1     6       0.000007327       0.000052904       0.000034627  C
  1     6       0.000233235       0.000063896      -0.000005055  C
  1     6      -0.000022136       0.000143739       0.000022896  C
  1     6      -0.000106768       0.000163358       0.000070426  C
  1     6      -0.000150757       0.000038209       0.000021528  C
  1     6      -0.000041751       0.000017544       0.000046845  C
  1     6      -0.000089335      -0.000209619       0.000259975  C
  1     6      -0.000091224      -0.000347344       0.000240774  C
  1     6       0.000036044      -0.000045945       0.000180292  C
  1     6      -0.000067108       0.000007274       0.000164052  C
  1     6      -0.000150002       0.000004819       0.000143480  C
  1     6      -0.000129058       0.000088115       0.000206718  C
  1     6      -0.000029289       0.000134053       0.000259382  C
  1     6      -0.000060948      -0.000162717       0.000211519  C
  1     6      -0.000147021      -0.000118571       0.000173478  C
  1     6      -0.000018521      -0.000081863       0.000088104  C
  1     6       0.000039074      -0.000069676       0.000083266  C
  1     6       0.000109649       0.000035842       0.000099955  C
  1     6      -0.000008155       0.000072673       0.000103013  C
  1     6       0.000154122       0.000048958       0.000233970  C
  1     6      -0.000003340       0.000080767       0.000210815  C
  1     6      -0.000036382       0.000093908      -0.000121402  C
  1     6       0.000064992       0.000200900      -0.000024398  C
  1     6       0.000099491       0.000008619      -0.000168195  C
  1     6       0.000020190       0.000077396      -0.000040909  C
  1     6       0.000053055       0.000135510       0.000022368  C
  1     6       0.000146565       0.000082211      -0.000067526  C
  1     6      -0.000009220      -0.000044401      -0.000046852  C
  1     6      -0.000126135       0.000105182      -0.000046791  C
  1     6       0.000144743       0.000015174      -0.000145266  C
  1     6       0.000242657      -0.000121425      -0.000183296  C
  1     6       0.000092648      -0.000109808      -0.000130710  C
  1     6       0.000002219       0.000002671      -0.000189220  C
  1     6       0.000067585       0.000041486      -0.000235573  C
  1     6       0.000051171       0.000032510      -0.000173130  C
  1     6      -0.000168566       0.000041729      -0.000211538  C
  1     6      -0.000090658       0.000010245      -0.000172756  C
  1     6       0.000101002      -0.000044546      -0.000169231  C
  1     6       0.000212375      -0.000048663       0.000020274  C
  1     6      -0.000041352      -0.000111380       0.000046660  C
  1     6      -0.000008825       0.000173456      -0.000016059  C
  1     6      -0.000181133       0.000144386      -0.000094534  C
  1     6      -0.000049330       0.000042134      -0.000121976  C
  1     6       0.000125240       0.000157047      -0.000094533  C
  1     6       0.000138429      -0.000153544      -0.000028634  C
  1     6      -0.000045608      -0.000011283      -0.000068183  C
  1     6      -0.000044954       0.000100557      -0.000075969  C
  1     6      -0.000047255       0.000291897      -0.000065667  C
  1     6      -0.000070389       0.000235542      -0.000146044  C
  1     6      -0.000223460       0.000044791      -0.000259970  C
  1     6      -0.000087894      -0.000090118      -0.000067820  C
  1     6       0.000192214      -0.000033636      -0.000065061  C
  1     6      -0.000011771      -0.000139665      -0.000087151  C
  1     6      -0.000023165      -0.000033957      -0.000049070  C
  1     6       0.000084976       0.000044585      -0.000059713  C
  1     6       0.000008519       0.000229040      -0.000169980  C
  1     6      -0.000070482      -0.000078226      -0.000235427  C
  1     6      -0.000180899      -0.000054308      -0.000173477  C
  1     6      -0.000081256      -0.000006208      -0.000235633  C
  1     6      -0.000090499      -0.000019601      -0.000059501  C
  1     6      -0.000000869      -0.000082864       0.000102052  C
  1     6       0.000026503       0.000121156       0.000021228  C
  1     6       0.000085230       0.000315745      -0.000028948  C
  1     6      -0.000191975       0.000078103      -0.000025441  C
  1     6      -0.000187332       0.000199268      -0.000022592  C
  1     6       0.000077061      -0.000007726      -0.000016002  C
  1     6       0.000008205      -0.000002324       0.000021564  C
  1     6       0.000171096      -0.000014067      -0.000087873  C
  1     6       0.000147803       0.000173775      -0.000087402  C
  1     6       0.000003815       0.000387985      -0.000184282  C
  1     6      -0.000225345       0.000165398      -0.000208288  C
  1     6      -0.000338209       0.000120981      -0.000240758  C
  1     6       0.000014177      -0.000038762       0.000022529  C
  1     6       0.000030705       0.000063104      -0.000075761  C
  1     6      -0.000173977      -0.000056721      -0.000087653  C
  1     6       0.000102613       0.000149107       0.000102209  C
  1     6      -0.000038262       0.000327142       0.000019945  C
  1     6      -0.000158452       0.000063636      -0.000104404  C
  1     6      -0.000259768       0.000076862      -0.000159080  C
  1     6      -0.000078042       0.000030962      -0.000088131  C
  1     6      -0.000070304       0.000068930      -0.000189072  C
  1     6      -0.000094557       0.000117810      -0.000049011  C
  1     6      -0.000037632       0.000266758      -0.000087783  C
  1     6       0.000059528       0.000080129      -0.000068204  C
  1     6      -0.000034740       0.000202702      -0.000169142  C
  1     6      -0.000272278       0.000112194      -0.000071486  C
  1     6       0.000047840      -0.000023842      -0.000034625  C
  1     6      -0.000152094       0.000170297       0.000046867  C
  1     6      -0.000144628       0.000125975       0.000102803  C
  1     6       0.000070699       0.000111738      -0.000048438  C
  1     6       0.000073610       0.000247691      -0.000130707  C
  1     6      -0.000149379       0.000222498      -0.000144508  C
  1     6      -0.000175552       0.000176387      -0.000157871  C
  1     6      -0.000017700       0.000055599      -0.000180286  C
  1     6      -0.000012233       0.000022123      -0.000041036  C
  1     6      -0.000060222       0.000124751      -0.000067811  C
  1     6      -0.000081274       0.000075736       0.000022034  C
  1     6       0.000145734       0.000137939       0.000046838  C
  1     6      -0.000063197      -0.000018347      -0.000100835  C
  1     6      -0.000176377       0.000128687      -0.000215993  C
  1     6      -0.000117501       0.000114943      -0.000208407  C
  1     6      -0.000035435       0.000071659      -0.000083302  C
  1     6      -0.000215486       0.000054739      -0.000130294  C
  1     6      -0.000190336       0.000163481      -0.000086680  C
  1     6      -0.000036723       0.000029958      -0.000074824  C
  1     6      -0.000056830       0.000094180      -0.000040487  C
  1     6      -0.000213875       0.000050343      -0.000022743  C
  1     6      -0.000170395       0.000026162      -0.000129585  C
  1     6       0.000184684       0.000156365       0.000005073  C
  1     6      -0.000225386      -0.000078782       0.000021133  C
  1     6      -0.000049344       0.000176987      -0.000058566  C
  1     6       0.000018797       0.000117530      -0.000188567  C
  1     6      -0.000113817       0.000145841      -0.000164035  C
  1     6      -0.000175593       0.000200550      -0.000072565  C
  1     6      -0.000177574       0.000046800      -0.000140394  C
  1     6      -0.000031994      -0.000059507      -0.000164026  C
  1     6      -0.000119886      -0.000012686      -0.000168388  C
  1     6      -0.000281965       0.000042131      -0.000027965  C
  1     6      -0.000124194       0.000027924      -0.000014992  C
  1     6      -0.000002576       0.000087825      -0.000082338  C
  1     6      -0.000095397       0.000077486      -0.000312558  C
  1     6      -0.000034207       0.000025023      -0.000255588  C
  1     6       0.000023151      -0.000007361      -0.000313635  C
  1     6       0.000091520       0.000070173      -0.000099969  C
  1     6      -0.000307724      -0.000071178      -0.000182612  C
  1     6      -0.000204439      -0.000061377      -0.000064047  C
  1     6      -0.000123136       0.000099123       0.000023949  C
  1     6      -0.000036177      -0.000145951       0.000005897  C
  1     6       0.000004328      -0.000054790      -0.000078772  C
  1     6       0.000084532       0.000141525      -0.000079212  C
  1     6       0.000106121      -0.000099559      -0.000022906  C
  1     6      -0.000172012       0.000012453      -0.000168134  C
  1     6      -0.000050100       0.000161606      -0.000234107  C
  1     6      -0.000026978       0.000077682      -0.000179094  C
  1     6       0.000047308       0.000219849      -0.000139835  C
  1     6      -0.000014415       0.000068479      -0.000091345  C
  1     6      -0.000046895      -0.000144659      -0.000071184  C
  1     6      -0.000080848      -0.000126551      -0.000143485  C
  1     6       0.000058462      -0.000078524      -0.000024084  C
  1     6      -0.000014586      -0.000106003      -0.000093079  C
  1     6      -0.000023530       0.000140077      -0.000086861  C
  1     6       0.000071225       0.000138519      -0.000207290  C
  1     6      -0.000038607       0.000103545      -0.000255399  C
  1     6       0.000031924       0.000065525      -0.000255358  C
  1     6       0.000016272      -0.000107760      -0.000215270  C
  1     6       0.000055323      -0.000047753      -0.000103014  C
  1     6      -0.000149248      -0.000052750      -0.000144372  C
  1     6      -0.000129726       0.000206980      -0.000066133  C
  1     6      -0.000135864       0.000060270      -0.000032610  C
  1     6       0.000022838       0.000222973      -0.000128861  C
  1     6      -0.000129696       0.000106724      -0.000078565  C
  1     6       0.000096981      -0.000054149      -0.000129406  C
  1     6       0.000074436      -0.000180317      -0.000070430  C
  1     6      -0.000034540       0.000152814      -0.000171741  C
  1     6       0.000184370       0.000315568      -0.000239264  C
  1     6       0.000147805       0.000151699      -0.000156739  C
  1     6       0.000178110       0.000136228      -0.000071252  C
  1     6       0.000081742      -0.000071960      -0.000139823  C
  1     6      -0.000029894      -0.000126823      -0.000156949  C
  1     6      -0.000000293      -0.000156189      -0.000206721  C
  1     6       0.000008239       0.000059091      -0.000120924  C
  1     6      -0.000056476       0.000261711      -0.000172062  C
  1     6       0.000104067       0.000268996      -0.000157407  C
  1     6       0.000110874       0.000172033      -0.000215011  C
  1     6       0.000027203       0.000129559      -0.000312453  C
  1     6      -0.000006693      -0.000051686      -0.000207771  C
  1     6       0.000091763      -0.000149056      -0.000157941  C
  1     6       0.000127453       0.000099548      -0.000233978  C
  1     6       0.000058232       0.000133241      -0.000046117  C
  1     6       0.000169131       0.000142934      -0.000021019  C
  1     6       0.000139115       0.000259210      -0.000070086  C
  1     6       0.000063301       0.000240923      -0.000022421  C
  1     6      -0.000197112       0.000184534       0.000005653  C
  1     6       0.000026510       0.000165691      -0.000033763  C
  1     6      -0.000053850      -0.000146035      -0.000021536  C
  1     6       0.000055190       0.000246777      -0.000259005  C
  1     6       0.000156361       0.000190775      -0.000206991  C
  1     6       0.000175759       0.000095837      -0.000143464  C
  1     6       0.000099202       0.000102147      -0.000163957  C
  1     6      -0.000010750       0.000063884      -0.000179770  C
  1     6       0.000088454      -0.000243806      -0.000240065  C
  1     6       0.000094061      -0.000099913      -0.000259374  C
  1     6       0.000026805       0.000197336      -0.000210955  C
  1     6      -0.000129933       0.000174700      -0.000234111  C
  1     6       0.000038977       0.000181812      -0.000103134  C
  1     6      -0.000073531       0.000140049      -0.000100164  C
  1     6      -0.000012209       0.000035847      -0.000082921  C
  1     6       0.000036814       0.000027447      -0.000087966  C
  1     6       0.000155607      -0.000010419      -0.000172969  C
  1     6       0.000064800      -0.000048489      -0.000210802  C
  1     6      -0.000064785       0.000048497      -0.000210804  C
  1     6      -0.000155596       0.000010400      -0.000172971  C
  1     6      -0.000036788      -0.000027562      -0.000087974  C
  1     6       0.000012269      -0.000035937      -0.000082926  C
  1     6       0.000073609      -0.000139690      -0.000100181  C
  1     6      -0.000039152      -0.000181792      -0.000103153  C
  1     6       0.000129893      -0.000174813      -0.000234110  C
  1     6      -0.000026796      -0.000197365      -0.000210949  C
  1     6      -0.000094122       0.000100015      -0.000259372  C
  1     6      -0.000088513       0.000243777      -0.000240064  C
  1     6       0.000010864      -0.000063988      -0.000179754  C
  1     6      -0.000098816      -0.000101900      -0.000163963  C
  1     6      -0.000176062      -0.000095291      -0.000143480  C
  1     6      -0.000156339      -0.000190738      -0.000206984  C
  1     6      -0.000054986      -0.000246764      -0.000258992  C
  1     6       0.000053801       0.000146066      -0.000021538  C
  1     6      -0.000026448      -0.000165638      -0.000033771  C
  1     6       0.000197338      -0.000184600       0.000005678  C
  1     6      -0.000063372      -0.000241796      -0.000022400  C
  1     6      -0.000139684      -0.000259044      -0.000070088  C
  1     6      -0.000169256      -0.000142796      -0.000021022  C
  1     6      -0.000058234      -0.000133181      -0.000046112  C
  1     6      -0.000127441      -0.000099529      -0.000233980  C
  1     6      -0.000091825       0.000149046      -0.000157937  C
  1     6       0.000006966       0.000051860      -0.000207744  C
  1     6      -0.000026971      -0.000130660      -0.000312456  C
  1     6      -0.000110793      -0.000173112      -0.000215002  C
  1     6      -0.000104167      -0.000269001      -0.000157407  C
  1     6       0.000056467      -0.000261775      -0.000172065  C
  1     6      -0.000008308      -0.000059117      -0.000120926  C
  1     6       0.000000253       0.000156209      -0.000206718  C
  1     6       0.000029940       0.000126611      -0.000156954  C
  1     6      -0.000081954       0.000072154      -0.000139831  C
  1     6      -0.000177843      -0.000138989      -0.000071280  C
  1     6      -0.000147910      -0.000151896      -0.000156733  C
  1     6      -0.000184386      -0.000315524      -0.000239255  C
  1     6       0.000034602      -0.000152848      -0.000171739  C
  1     6      -0.000074600       0.000180032      -0.000070428  C
  1     6      -0.000095983       0.000053751      -0.000129428  C
  1     6       0.000129225      -0.000107522      -0.000078562  C
  1     6      -0.000022789      -0.000223995      -0.000128846  C
  1     6       0.000135888      -0.000060238      -0.000032625  C
  1     6       0.000129689      -0.000206919      -0.000066130  C
  1     6       0.000149216       0.000052831      -0.000144368  C
  1     6      -0.000055399       0.000047825      -0.000103013  C
  1     6      -0.000015414       0.000107406      -0.000215279  C
  1     6      -0.000031338      -0.000065660      -0.000255369  C
  1     6       0.000038702      -0.000104453      -0.000255406  C
  1     6      -0.000070910      -0.000138663      -0.000207304  C
  1     6       0.000023526      -0.000140036      -0.000086884  C
  1     6       0.000014608       0.000106015      -0.000093082  C
  1     6      -0.000058494       0.000078592      -0.000024087  C
  1     6       0.000080207       0.000126506      -0.000143477  C
  1     6       0.000049282       0.000143417      -0.000071150  C
  1     6       0.000013560      -0.000068038      -0.000091356  C
  1     6      -0.000046942      -0.000219534      -0.000139828  C
  1     6       0.000026969      -0.000077629      -0.000179086  C
  1     6       0.000050189      -0.000161473      -0.000234094  C
  1     6       0.000172066      -0.000012389      -0.000168136  C
  1     6      -0.000105335       0.000099111      -0.000022915  C
  1     6      -0.000083669      -0.000142112      -0.000079241  C
  1     6      -0.000004391       0.000055280      -0.000078770  C
  1     6       0.000036276       0.000146051       0.000005890  C
  1     6       0.000123085      -0.000099003       0.000023941  C
  1     6       0.000204433       0.000061364      -0.000064046  C
  1     6       0.000307618       0.000071217      -0.000182617  C
  1     6      -0.000091867      -0.000069808      -0.000099966  C
  1     6      -0.000022142       0.000007224      -0.000313663  C
  1     6       0.000033936      -0.000025109      -0.000255598  C
  1     6       0.000095358      -0.000077400      -0.000312560  C
  1     6       0.000002625      -0.000087851      -0.000082350  C
  1     6       0.000124116      -0.000028013      -0.000014987  C
  1     6       0.000282064      -0.000042213      -0.000027950  C
  1     6       0.000119882       0.000012734      -0.000168395  C
  1     6       0.000031800       0.000060012      -0.000164023  C
  1     6       0.000177607      -0.000047019      -0.000140439  C
  1     6       0.000175616      -0.000200592      -0.000072564  C
  1     6       0.000113952      -0.000145792      -0.000164032  C
  1     6      -0.000018785      -0.000117566      -0.000188560  C
  1     6       0.000049464      -0.000177065      -0.000058556  C
  1     6       0.000225348       0.000078726       0.000021137  C
  1     6      -0.000184439      -0.000156132       0.000005058  C
  1     6       0.000170377      -0.000025956      -0.000129605  C
  1     6       0.000213945      -0.000050194      -0.000022743  C
  1     6       0.000056788      -0.000094169      -0.000040472  C
  1     6       0.000036649      -0.000030006      -0.000074831  C
  1     6       0.000190386      -0.000163613      -0.000086738  C
  1     6       0.000215265      -0.000054956      -0.000130279  C
  1     6       0.000035366      -0.000071565      -0.000083294  C
  1     6       0.000117420      -0.000114800      -0.000208422  C
  1     6       0.000176366      -0.000128613      -0.000215985  C
  1     6       0.000063141       0.000018335      -0.000100843  C
  1     6      -0.000145823      -0.000138022       0.000046824  C
  1     6       0.000081317      -0.000075816       0.000022041  C
  1     6       0.000059932      -0.000124909      -0.000067867  C
  1     6       0.000012473      -0.000022227      -0.000041042  C
  1     6       0.000017674      -0.000055613      -0.000180283  C
  1     6       0.000175453      -0.000176347      -0.000157866  C
  1     6       0.000149396      -0.000222574      -0.000144516  C
  1     6      -0.000073712      -0.000247802      -0.000130710  C
  1     6      -0.000070689      -0.000111681      -0.000048442  C
  1     6       0.000144839      -0.000125566       0.000102748  C
  1     6       0.000151298      -0.000170620       0.000046870  C
  1     6      -0.000047735       0.000023856      -0.000034620  C
  1     6       0.000272292      -0.000112244      -0.000071477  C
  1     6       0.000034743      -0.000202734      -0.000169144  C
  1     6      -0.000059644      -0.000080401      -0.000068200  C
  1     6       0.000037654      -0.000266888      -0.000087776  C
  1     6       0.000093288      -0.000117446      -0.000049002  C
  1     6       0.000070654      -0.000069208      -0.000189082  C
  1     6       0.000078036      -0.000030994      -0.000088135  C
  1     6       0.000259665      -0.000076889      -0.000159079  C
  1     6       0.000158370      -0.000063712      -0.000104410  C
  1     6       0.000038260      -0.000327073       0.000020031  C
  1     6      -0.000102665      -0.000149563       0.000102200  C
  1     6       0.000174229       0.000057172      -0.000087691  C
  1     6      -0.000032276      -0.000062503      -0.000075755  C
  1     6      -0.000013887       0.000038676       0.000022527  C
  1     6       0.000338227      -0.000121072      -0.000240760  C
  1     6       0.000225356      -0.000165461      -0.000208286  C
  1     6      -0.000003841      -0.000387984      -0.000184281  C
  1     6      -0.000148110      -0.000173520      -0.000087400  C
  1     6      -0.000170493       0.000014294      -0.000087875  C
  1     6      -0.000009692       0.000003342       0.000021556  C
  1     6      -0.000076861       0.000008094      -0.000015989  C
  1     6       0.000187365      -0.000199285      -0.000022594  C
  1     6       0.000192021      -0.000078139      -0.000025444  C
  1     6      -0.000085326      -0.000315630      -0.000028955  C
  1     6      -0.000026374      -0.000119499       0.000021224  C
  1     6       0.000001555       0.000082605       0.000102028  C
  1     6       0.000089361       0.000020342      -0.000059519  C
  1     6       0.000081156       0.000006081      -0.000235631  C
  1     6       0.000180948       0.000054346      -0.000173479  C
  1     6       0.000070469       0.000078267      -0.000235431  C
  1     6      -0.000008527      -0.000229039      -0.000169986  C
  1     6      -0.000084892      -0.000043200      -0.000059707  C
  1     6       0.000022894       0.000035381      -0.000049088  C
  1     6       0.000011444       0.000139415      -0.000087143  C
  1     6      -0.000192121       0.000033743      -0.000065069  C
  1     6       0.000087949       0.000090104      -0.000067818  C
  1     6       0.000223413      -0.000044816      -0.000259967  C
  1     6       0.000070433      -0.000235561      -0.000146036  C
  1     6       0.000047544      -0.000291861      -0.000065666  C
  1     6       0.000044710      -0.000098635      -0.000075967  C
  1     6       0.000045496       0.000011434      -0.000068170  C
  1     6      -0.000138535       0.000153528      -0.000028620  C
  1     6      -0.000125206      -0.000157039      -0.000094524  C
  1     6       0.000049316      -0.000042111      -0.000121970  C
  1     6       0.000181202      -0.000144443      -0.000094534  C
  1     6       0.000009236      -0.000173441      -0.000016060  C
  1     6       0.000040618       0.000111992       0.000046651  C
  1     6      -0.000212532       0.000048722       0.000020318  C
  1     6      -0.000101032       0.000044534      -0.000169248  C
  1     6       0.000090673      -0.000010291      -0.000172759  C
  1     6       0.000168553      -0.000041701      -0.000211536  C
  1     6      -0.000051230      -0.000032539      -0.000173129  C
  1     6      -0.000067520      -0.000041512      -0.000235572  C
  1     6      -0.000002220      -0.000003105      -0.000189205  C
  1     6      -0.000092747       0.000109967      -0.000130708  C
  1     6      -0.000242658       0.000121584      -0.000183287  C
  1     6      -0.000144640      -0.000015201      -0.000145260  C
  1     6       0.000126186      -0.000105215      -0.000046795  C
  1     6       0.000009123       0.000044346      -0.000046847  C
  1     6      -0.000146534      -0.000082265      -0.000067527  C
  1     6      -0.000052911      -0.000135850       0.000022358  C
  1     6      -0.000020218      -0.000077480      -0.000040912  C
  1     6      -0.000099606      -0.000008436      -0.000168181  C
  1     6      -0.000065021      -0.000200865      -0.000024414  C
  1     6       0.000036436      -0.000093945      -0.000121401  C
