              -1779.7076757205
         -0.000170586       0.000000023      -0.000000001
          0.000000023      -0.000170580      -0.000000001
         -0.000000001      -0.000000001      -0.000028197
         148
  1     6       0.000061680      -0.000046072      -0.000029206  C
  1     6       0.000013305      -0.000219162      -0.000114443  C
  1     6      -0.000098972       0.000032365       0.000056615  C
  1     6       0.000073010       0.000186794       0.000137252  C
  1     6      -0.000279469      -0.000090972       0.000098440  C
  1     6       0.000019277      -0.000104932      -0.000214361  C
  1     6      -0.000082802       0.000098916      -0.000071458  C
  1     6       0.000057686       0.000092893      -0.000239372  C
  1     6       0.000086162       0.000023241      -0.000201998  C
  1     6       0.000131078      -0.000030102      -0.000106069  C
  1     6       0.000102917       0.000136968      -0.000036375  C
  1     6      -0.000214533       0.000103573      -0.000017866  C
  1     6       0.000038022       0.000094432       0.000059263  C
  1     6      -0.000025347      -0.000216571       0.000039933  C
  1     6      -0.000049804      -0.000002043       0.000042068  C
  1     6       0.000014032       0.000252709      -0.000095601  C
  1     6       0.000091541      -0.000156377      -0.000284978  C
  1     6       0.000255882      -0.000163800      -0.000258810  C
  1     6       0.000077724       0.000145330      -0.000158352  C
  1     6       0.000103760       0.000116077      -0.000056355  C
  1     6      -0.000006517      -0.000047574      -0.000070290  C
  1     6       0.000097848       0.000033803      -0.000053133  C
  1     6      -0.000058346       0.000000886      -0.000171237  C
  1     6      -0.000165009      -0.000196832      -0.000035054  C
  1     6      -0.000042494      -0.000038415      -0.000126511  C
  1     6      -0.000185422      -0.000076485      -0.000096736  C
  1     6      -0.000066846      -0.000089098      -0.000043223  C
  1     6       0.000043075      -0.000101988       0.000009394  C
  1     6       0.000112927       0.000137562      -0.000193665  C
  1     6       0.000078169       0.000086209       0.000010192  C
  1     6       0.000069851       0.000027702      -0.000095546  C
  1     6      -0.000004834       0.000003710      -0.000084391  C
  1     6      -0.000312686       0.000008282      -0.000064406  C
  1     6      -0.000041139       0.000008608      -0.000108571  C
  1     6      -0.000073781      -0.000197074      -0.000123093  C
  1     6      -0.000171382      -0.000073832      -0.000046839  C
  1     6      -0.000075574       0.000091452      -0.000187278  C
  1     6      -0.000012384      -0.000053355       0.000152281  C
  1     6       0.000151100      -0.000008970      -0.000046332  C
  1     6       0.000196691       0.000209422       0.000000314  C
  1     6       0.000077600       0.000031989       0.000002680  C
  1     6       0.000168611      -0.000070245       0.000054292  C
  1     6       0.000082813       0.000302129      -0.000054134  C
  1     6       0.000029136      -0.000067846       0.000065003  C
  1     6      -0.000060569      -0.000129356       0.000082456  C
  1     6       0.000070679      -0.000049769       0.000028947  C
  1     6      -0.000083486      -0.000021387       0.000139280  C
  1     6       0.000089957      -0.000280463       0.000003504  C
  1     6       0.000063019      -0.000095200      -0.000026876  C
  1     6       0.000116816       0.000017856       0.000044592  C
  1     6       0.000040900      -0.000119393       0.000050194  C
  1     6       0.000095847      -0.000035825      -0.000026869  C
  1     6      -0.000087754      -0.000014330      -0.000092858  C
  1     6      -0.000275111       0.000040280      -0.000230949  C
  1     6       0.000102413      -0.000110312       0.000149295  C
  1     6      -0.000023182      -0.000035932      -0.000003110  C
  1     6      -0.000116527       0.000090882       0.000037620  C
  1     6      -0.000002351       0.000115978      -0.000078615  C
  1     6       0.000141169      -0.000109208       0.000045144  C
  1     6      -0.000084624       0.000023727       0.000170043  C
  1     6      -0.000177909       0.000182826       0.000242043  C
  1     6       0.000047173       0.000095838      -0.000189107  C
  1     6      -0.000096998      -0.000162822      -0.000133119  C
  1     6      -0.000252885       0.000009415      -0.000051447  C
  1     6      -0.000028137       0.000169795       0.000110346  C
  1     6       0.000044859       0.000054996       0.000105214  C
  1     6       0.000115768      -0.000024855       0.000132632  C
  1     6       0.000033522       0.000059564      -0.000015165  C
  1     6       0.000018478      -0.000065042       0.000078149  C
  1     6      -0.000024477       0.000089885       0.000078306  C
  1     6      -0.000115433       0.000083644       0.000130061  C
  1     6      -0.000002225      -0.000078800      -0.000119407  C
  1     6       0.000096550       0.000071281       0.000057870  C
  1     6       0.000083695       0.000045075      -0.000032424  C
  1     6       0.000011533       0.000040362       0.000131730  C
  1     6      -0.000102619       0.000020572       0.000107689  C
  1     6      -0.000062261      -0.000028511      -0.000009928  C
  1     6      -0.000163777       0.000161574       0.000028930  C
  1     6      -0.000070723       0.000121936      -0.000066812  C
  1     6      -0.000032484      -0.000033021       0.000158022  C
  1     6      -0.000002774      -0.000194609       0.000110753  C
  1     6       0.000066633       0.000109856       0.000128386  C
  1     6      -0.000081335      -0.000106185       0.000027869  C
  1     6      -0.000147774      -0.000094668      -0.000094280  C
  1     6      -0.000223090       0.000046658       0.000094895  C
  1     6      -0.000172483      -0.000177909       0.000023057  C
  1     6       0.000002749      -0.000116926       0.000053412  C
  1     6       0.000073288       0.000089263      -0.000050079  C
  1     6       0.000137948      -0.000179166       0.000056460  C
  1     6      -0.000143155      -0.000073214       0.000148388  C
  1     6       0.000078986      -0.000019003      -0.000005953  C
  1     6      -0.000174704      -0.000054550       0.000007819  C
  1     6       0.000000442      -0.000161940       0.000054229  C
  1     6      -0.000120810       0.000034617       0.000006596  C
  1     6      -0.000022593       0.000128680      -0.000113798  C
  1     6      -0.000087457      -0.000070643      -0.000022954  C
  1     6       0.000121958      -0.000080082       0.000045297  C
  1     6       0.000010735       0.000053635       0.000124393  C
  1     6       0.000114912      -0.000068528       0.000078892  C
  1     6       0.000031354       0.000109366       0.000190031  C
  1     6      -0.000042116       0.000041126       0.000059181  C
  1     6      -0.000251756       0.000129819      -0.000024947  C
  1     6       0.000014586      -0.000011266      -0.000066150  C
  1     6       0.000174859       0.000082557       0.000088569  C
  1     6       0.000000655       0.000146352       0.000150719  C
  1     6      -0.000031383       0.000074435      -0.000024465  C
  1     6      -0.000041293       0.000102370      -0.000081306  C
  1     6      -0.000162873       0.000111746      -0.000224596  C
  1     6      -0.000022419       0.000171900       0.000032910  C
  1     6       0.000090728       0.000051848       0.000023724  C
  1     6      -0.000021914       0.000246129      -0.000008654  C
  1     6      -0.000118521      -0.000005684      -0.000145517  C
  1     6       0.000021348       0.000064246       0.000055695  C
  1     6      -0.000041217      -0.000077793       0.000196660  C
  1     6      -0.000041835      -0.000050166       0.000086934  C
  1     6       0.000099708      -0.000012917       0.000106219  C
  1     6       0.000025691       0.000093864      -0.000102477  C
  1     6       0.000169326      -0.000123454      -0.000037534  C
  1     6       0.000050068      -0.000054575       0.000047242  C
  1     6       0.000140277       0.000094834       0.000092709  C
  1     6      -0.000014269      -0.000049630       0.000030560  C
  1     6      -0.000059239      -0.000026346      -0.000027324  C
  1     6      -0.000025145       0.000120371       0.000097780  C
  1     6      -0.000094814      -0.000021453      -0.000154644  C
  1     6      -0.000228094      -0.000051481      -0.000064131  C
  1     6       0.000042208      -0.000107124       0.000072589  C
  1     6      -0.000013153       0.000157601       0.000224993  C
  1     6       0.000183187       0.000033683       0.000099143  C
  1     6       0.000170595      -0.000036867      -0.000187356  C
  1     6       0.000016272       0.000300609       0.000008022  C
  1     6      -0.000118987       0.000038215      -0.000047182  C
  1     6      -0.000012932       0.000026256       0.000122852  C
  1     6       0.000088319       0.000138131       0.000011337  C
  1     6      -0.000042077       0.000082641       0.000108148  C
  1     6       0.000019652      -0.000065732       0.000076907  C
  1     6       0.000281207      -0.000127566       0.000240620  C
  1     6       0.000135449       0.000006607      -0.000028982  C
  1     6      -0.000146963       0.000067405       0.000112259  C
  1     6       0.000176332       0.000016497       0.000070914  C
  1     6      -0.000111226      -0.000177879      -0.000042845  C
  1     6      -0.000007345      -0.000186825       0.000076783  C
  1     6       0.000258758      -0.000095409      -0.000114187  C
  1     6       0.000134449       0.000004501       0.000092719  C
  1     6       0.000046889      -0.000222044       0.000013330  C
  1     6      -0.000044826      -0.000171490      -0.000081718  C
  1     6       0.000092564      -0.000003756      -0.000028934  C
  1     6       0.000040157      -0.000033194      -0.000044202  C
  1     6       0.000181479      -0.000148528      -0.000162385  C
