              -1779.6805771248
         -0.000168846      -0.000000017      -0.000000000
         -0.000000017      -0.000168696      -0.000000009
         -0.000000001      -0.000000009      -0.000033135
         148
  1     6       0.000126435      -0.000032051       0.004588335  C
  1     6       0.000763733       0.000131818      -0.004485228  C
  1     6       0.000561398      -0.000099495      -0.003571626  C
  1     6      -0.000624408      -0.000899269       0.010532474  C
  1     6       0.000188182       0.000297858      -0.003923407  C
  1     6      -0.000078933       0.000408275      -0.019233428  C
  1     6      -0.000076768       0.000039135      -0.006276673  C
  1     6       0.000258725      -0.000156347      -0.022448626  C
  1     6       0.000559370       0.000366737      -0.017468693  C
  1     6       0.000342874       0.000024842      -0.018763048  C
  1     6      -0.000559297      -0.000359415      -0.014941186  C
  1     6      -0.000316312      -0.001268381      -0.015618121  C
  1     6      -0.000106290      -0.000177300      -0.007984158  C
  1     6      -0.000552017       0.000176376      -0.002421639  C
  1     6      -0.000716736      -0.000435943      -0.002041166  C
  1     6      -0.000268533      -0.000446540      -0.000613835  C
  1     6      -0.000935328       0.001196940      -0.010403656  C
  1     6      -0.001037590       0.001276476      -0.016346504  C
  1     6      -0.000238842      -0.000825548       0.015677322  C
  1     6      -0.000180944      -0.000148109      -0.000861508  C
  1     6      -0.000102639       0.000347484       0.001276437  C
  1     6      -0.000109167       0.000048671      -0.014927099  C
  1     6      -0.000281259      -0.000568333       0.009442992  C
  1     6       0.000053778       0.000401517       0.000745125  C
  1     6      -0.000128103       0.000734355       0.007205150  C
  1     6       0.000069536      -0.000500114       0.000143292  C
  1     6      -0.000455593       0.000815739      -0.025929904  C
  1     6       0.000109293       0.000637845       0.003238729  C
  1     6       0.000260979      -0.000185281      -0.003934498  C
  1     6       0.000286141      -0.000673862      -0.000553010  C
  1     6       0.000248313       0.000231872      -0.009139988  C
  1     6       0.000306622       0.000356359       0.013838378  C
  1     6       0.000645643      -0.000727452      -0.016381841  C
  1     6      -0.000479755      -0.000251739      -0.000311941  C
  1     6       0.000167892       0.000394862      -0.006717150  C
  1     6       0.000531636       0.000082515      -0.003395197  C
  1     6       0.000697673      -0.000283073       0.006842697  C
  1     6      -0.000106421       0.000228829       0.000540597  C
  1     6      -0.000652718       0.000093445       0.013272070  C
  1     6      -0.000604716      -0.000511325       0.004133293  C
  1     6      -0.000164817       0.000314347       0.000690805  C
  1     6      -0.000675601       0.000470234      -0.002540270  C
  1     6      -0.000340436      -0.000127271       0.008879632  C
  1     6      -0.000064202       0.000236623       0.007488319  C
  1     6      -0.000140435       0.001285426       0.024496709  C
  1     6      -0.000266217      -0.000417467       0.022605619  C
  1     6      -0.000665671      -0.000308489       0.012190610  C
  1     6      -0.000131361       0.000470203       0.015454452  C
  1     6      -0.000237986       0.000570509       0.015962717  C
  1     6       0.000246823      -0.000392021       0.010480664  C
  1     6       0.000123356      -0.000323159       0.005251050  C
  1     6       0.000212199       0.000893867      -0.009625793  C
  1     6       0.000335353       0.000263395      -0.001667716  C
  1     6       0.000556246      -0.000262270      -0.005665840  C
  1     6       0.000121090       0.000069755       0.006576360  C
  1     6       0.000250865       0.000553626      -0.016286214  C
  1     6       0.001114670      -0.001141277       0.011735470  C
  1     6       0.000324388      -0.001484519       0.014956832  C
  1     6      -0.000046486       0.000287605       0.005514890  C
  1     6       0.000607311       0.000192144       0.003789304  C
  1     6       0.000241113      -0.000456973      -0.007754156  C
  1     6      -0.000033838      -0.000262580       0.002902402  C
  1     6       0.000756962       0.000509622      -0.014609301  C
  1     6       0.000410217      -0.000103506       0.009207924  C
  1     6       0.000383585      -0.000449762      -0.018282488  C
  1     6       0.000036927       0.000403799       0.012181842  C
  1     6       0.000660489      -0.000625992       0.023827662  C
  1     6       0.000250495       0.000068285       0.005864312  C
  1     6      -0.000500459      -0.000007862      -0.004928330  C
  1     6      -0.000601475      -0.000196158       0.003350978  C
  1     6       0.000384091       0.000136668      -0.002816466  C
  1     6      -0.000233382      -0.000009855      -0.003322453  C
  1     6      -0.000473860      -0.000259322       0.004143194  C
  1     6      -0.000021802       0.000316959      -0.028148762  C
  1     6       0.000229042      -0.000648116      -0.005879439  C
  1     6      -0.000365529       0.000701365      -0.027453781  C
  1     6       0.000119513       0.000304553      -0.001923717  C
  1     6       0.000061864      -0.000312321      -0.000881480  C
  1     6       0.000270931      -0.000400048      -0.003926023  C
  1     6       0.000450193       0.000255658      -0.002590478  C
  1     6       0.000150193       0.000234095      -0.006741099  C
  1     6      -0.000047011      -0.000071152       0.003617425  C
  1     6       0.000222548       0.000243753      -0.002346206  C
  1     6      -0.000028110       0.000282815      -0.024965978  C
  1     6       0.000128552      -0.000216506       0.010282822  C
  1     6       0.000046400       0.000615968       0.001134484  C
  1     6       0.000092259       0.000288994      -0.000391473  C
  1     6      -0.000413752      -0.000560143       0.004857969  C
  1     6      -0.000531099       0.000954803       0.021947107  C
  1     6      -0.000073608       0.000617685      -0.004778069  C
  1     6      -0.001235158      -0.000674892      -0.014743105  C
  1     6      -0.000054375       0.000010758       0.017816421  C
  1     6      -0.000197690       0.000611838       0.009701946  C
  1     6      -0.000101018       0.000021049       0.001085421  C
  1     6      -0.000723801       0.000160119       0.010527017  C
  1     6      -0.000534517       0.001110471       0.015842148  C
  1     6      -0.001008077       0.000502894      -0.017710471  C
  1     6      -0.000309056      -0.000378301       0.012481317  C
  1     6       0.000075328       0.000408864       0.006251032  C
  1     6       0.000055564       0.000058202      -0.005647681  C
  1     6      -0.000889839      -0.000369822       0.020004226  C
  1     6      -0.000606088      -0.000279711       0.007782306  C
  1     6      -0.000038318       0.000096362       0.001854838  C
  1     6      -0.000601889      -0.000506692      -0.008641521  C
  1     6       0.000188788      -0.000139261      -0.000379200  C
  1     6       0.000559024      -0.000181815       0.008443197  C
  1     6      -0.001019854      -0.000043147       0.015854693  C
  1     6       0.000088905      -0.000252499      -0.003652608  C
  1     6       0.000465137      -0.000110382       0.000996192  C
  1     6       0.000484762       0.000044681       0.000822003  C
  1     6      -0.000283279      -0.000098463      -0.006150297  C
  1     6       0.000186530      -0.000125922       0.002757176  C
  1     6      -0.000228910      -0.000032600      -0.003975957  C
  1     6      -0.000803973       0.000376460       0.007776906  C
  1     6      -0.000008839       0.000156239       0.004958058  C
  1     6       0.000235422       0.000000282       0.004077721  C
  1     6       0.000252686      -0.001620371       0.021419973  C
  1     6       0.000267224       0.000653612       0.018875547  C
  1     6      -0.000183741       0.000140502       0.003667799  C
  1     6      -0.000107911      -0.000053590      -0.000700936  C
  1     6      -0.000048651      -0.000134040       0.014248775  C
  1     6       0.000829081      -0.000148819      -0.003715602  C
  1     6      -0.000120023       0.000078642      -0.015263746  C
  1     6       0.000521480      -0.000612796       0.013854313  C
  1     6       0.001382828       0.000795851       0.010683736  C
  1     6       0.000149038       0.000055085      -0.007968616  C
  1     6       0.000070330      -0.000459150      -0.007453077  C
  1     6       0.000555647      -0.000193917      -0.001447509  C
  1     6       0.000125959      -0.000865588      -0.023530514  C
  1     6       0.000302668      -0.000602718      -0.007691254  C
  1     6       0.001125113      -0.000188722       0.013760757  C
  1     6      -0.000095013       0.000485415      -0.018211509  C
  1     6       0.000087861      -0.000713034      -0.004582843  C
  1     6       0.000264595      -0.000255023       0.001291170  C
  1     6       0.000716193       0.000800117      -0.002873370  C
  1     6      -0.000054225       0.000371117      -0.012385295  C
  1     6       0.000047570      -0.001060120      -0.017624000  C
  1     6       0.001013501      -0.000078131       0.022324039  C
  1     6      -0.000209173      -0.000605860       0.001342301  C
  1     6      -0.000246932      -0.000112863      -0.005423048  C
  1     6       0.000576428       0.000620190      -0.013525614  C
  1     6      -0.000243274      -0.000123342       0.002525895  C
  1     6      -0.000460857      -0.000514102       0.004425872  C
  1     6      -0.000534318       0.000364566      -0.000787651  C
  1     6       0.000133714       0.000526460       0.001401347  C
  1     6      -0.000101734      -0.000114448       0.007984072  C
  1     6       0.000104563       0.000798597       0.009592805  C
  1     6      -0.000099849       0.000164207      -0.007030944  C
