             -10436.8845263505
         -0.000177037       0.000000017      -0.000000000
          0.000000017      -0.000177060       0.000000000
         -0.000000000       0.000000000      -0.000028184
         868
  1     6      -0.000001881      -0.000043330       0.000084432  C
  1     6       0.000071161       0.000022503      -0.000136643  C
  1     6       0.000039244      -0.000087668      -0.000144272  C
  1     6       0.000102442       0.000026302       0.000050389  C
  1     6       0.000038942      -0.000040059       0.000074685  C
  1     6       0.000027004       0.000019057       0.000122490  C
  1     6       0.000100644      -0.000142581      -0.000049388  C
  1     6      -0.000114090       0.000020308       0.000083092  C
  1     6      -0.000103600      -0.000019818      -0.000044239  C
  1     6      -0.000126267       0.000018743      -0.000011771  C
  1     6      -0.000048050      -0.000100950       0.000075479  C
  1     6       0.000191826      -0.000007477      -0.000081436  C
  1     6      -0.000104778      -0.000071657       0.000220374  C
  1     6       0.000009073      -0.000095917      -0.000010494  C
  1     6      -0.000003459      -0.000136272      -0.000124466  C
  1     6       0.000029707      -0.000037157      -0.000065404  C
  1     6       0.000113975      -0.000050516      -0.000115371  C
  1     6       0.000068870      -0.000166311      -0.000055903  C
  1     6      -0.000107917       0.000102329      -0.000059852  C
  1     6       0.000062643       0.000112838       0.000015047  C
  1     6       0.000044321      -0.000093183       0.000080355  C
  1     6      -0.000089073      -0.000036704      -0.000027613  C
  1     6      -0.000086597       0.000080587       0.000099998  C
  1     6      -0.000085136       0.000071628       0.000024977  C
  1     6      -0.000107660      -0.000057993      -0.000068076  C
  1     6      -0.000055542      -0.000026001      -0.000172883  C
  1     6       0.000045451      -0.000046958       0.000044854  C
  1     6      -0.000001945       0.000029854      -0.000011151  C
  1     6       0.000052056      -0.000044509       0.000131996  C
  1     6      -0.000035512      -0.000042403       0.000014934  C
  1     6       0.000086383       0.000067106      -0.000077000  C
  1     6       0.000014245       0.000025288      -0.000165094  C
  1     6       0.000140936      -0.000150128       0.000026835  C
  1     6       0.000094876       0.000030163      -0.000022206  C
  1     6      -0.000074400      -0.000041480      -0.000217783  C
  1     6      -0.000117906      -0.000082408      -0.000160434  C
  1     6      -0.000046662       0.000056966      -0.000067041  C
  1     6       0.000006386      -0.000038851      -0.000036964  C
  1     6      -0.000016965       0.000039615      -0.000040868  C
  1     6       0.000047425      -0.000116564       0.000099330  C
  1     6      -0.000131408      -0.000053339      -0.000020016  C
  1     6      -0.000024573       0.000025548      -0.000275128  C
  1     6      -0.000075113      -0.000073911      -0.000185593  C
  1     6      -0.000092195       0.000127891      -0.000094340  C
  1     6      -0.000009897       0.000131870       0.000064237  C
  1     6       0.000001469      -0.000009825      -0.000039057  C
  1     6       0.000025020      -0.000003166       0.000050102  C
  1     6      -0.000011804       0.000034937       0.000001707  C
  1     6      -0.000122001       0.000040319      -0.000157727  C
  1     6      -0.000039044       0.000077354       0.000018536  C
  1     6       0.000076180       0.000010021      -0.000151599  C
  1     6       0.000143972       0.000013553       0.000119256  C
  1     6      -0.000009209       0.000066612       0.000048361  C
  1     6      -0.000087231       0.000052189       0.000168688  C
  1     6      -0.000047410       0.000029515       0.000134176  C
  1     6      -0.000006592       0.000066985       0.000033545  C
  1     6       0.000073804       0.000186532      -0.000080818  C
  1     6      -0.000024178      -0.000018379      -0.000078648  C
  1     6      -0.000080655       0.000043216      -0.000052883  C
  1     6       0.000017450      -0.000044967       0.000182621  C
  1     6       0.000023139      -0.000097992      -0.000095181  C
  1     6       0.000041286       0.000136064       0.000161256  C
  1     6       0.000034595       0.000059072       0.000094478  C
  1     6       0.000079259      -0.000006268       0.000022918  C
  1     6       0.000108493       0.000080356      -0.000035082  C
  1     6      -0.000085031      -0.000029598      -0.000071761  C
  1     6      -0.000040336       0.000064597       0.000040045  C
  1     6      -0.000173165       0.000078210      -0.000004190  C
  1     6      -0.000031081       0.000015543      -0.000162772  C
  1     6       0.000062880       0.000083852       0.000013640  C
  1     6      -0.000040300       0.000051870       0.000018493  C
  1     6      -0.000088079      -0.000107101       0.000156522  C
  1     6       0.000036024      -0.000119767       0.000075192  C
  1     6       0.000073759       0.000043296      -0.000025821  C
  1     6      -0.000046529       0.000153031       0.000092577  C
  1     6      -0.000164703       0.000021351      -0.000074122  C
  1     6       0.000057523       0.000067576      -0.000080020  C
  1     6       0.000167038       0.000118980       0.000049074  C
  1     6      -0.000044058      -0.000033145       0.000118828  C
  1     6      -0.000074436      -0.000085838       0.000109282  C
  1     6      -0.000105419       0.000061240       0.000066818  C
  1     6       0.000149662       0.000126816       0.000088832  C
  1     6       0.000036389       0.000082707       0.000044674  C
  1     6      -0.000130831       0.000008503      -0.000093641  C
  1     6      -0.000135819       0.000086939      -0.000056211  C
  1     6       0.000073116      -0.000094330       0.000117100  C
  1     6      -0.000045373      -0.000085254       0.000172026  C
  1     6      -0.000159004      -0.000038173       0.000030724  C
  1     6      -0.000014169       0.000016626       0.000000425  C
  1     6       0.000182594       0.000135215      -0.000091873  C
  1     6       0.000190635      -0.000051980       0.000180792  C
  1     6      -0.000140052      -0.000072558      -0.000100684  C
  1     6      -0.000056624       0.000023186      -0.000158325  C
  1     6       0.000041334       0.000042686      -0.000102543  C
  1     6       0.000116977      -0.000110379       0.000075104  C
  1     6      -0.000020588      -0.000079709      -0.000182166  C
  1     6       0.000060920      -0.000028098       0.000177211  C
  1     6      -0.000204203       0.000072452       0.000029499  C
  1     6      -0.000024851       0.000046104       0.000096450  C
  1     6      -0.000018915      -0.000108090       0.000001229  C
  1     6      -0.000117567      -0.000014319       0.000068505  C
  1     6      -0.000086117       0.000169922       0.000211856  C
  1     6       0.000068115      -0.000001651       0.000027731  C
  1     6      -0.000019166      -0.000174781       0.000147512  C
  1     6      -0.000164954      -0.000113451       0.000210480  C
  1     6      -0.000045336      -0.000000053       0.000064874  C
  1     6       0.000136333       0.000099173      -0.000010019  C
  1     6       0.000207126      -0.000072110       0.000017079  C
  1     6      -0.000037199      -0.000028220      -0.000136148  C
  1     6       0.000091281       0.000031224      -0.000078059  C
  1     6      -0.000028309       0.000037343      -0.000022860  C
  1     6       0.000009720      -0.000144134       0.000158719  C
  1     6      -0.000143671      -0.000171585      -0.000093451  C
  1     6      -0.000035469       0.000038951       0.000063763  C
  1     6      -0.000081340      -0.000031446       0.000081730  C
  1     6      -0.000030539      -0.000057319      -0.000028287  C
  1     6      -0.000015335      -0.000084101       0.000014633  C
  1     6      -0.000077510      -0.000053553       0.000031860  C
  1     6      -0.000031114       0.000178133      -0.000081348  C
  1     6       0.000098794       0.000007707      -0.000090945  C
  1     6       0.000081048      -0.000168460      -0.000030550  C
  1     6       0.000034170      -0.000003962       0.000029345  C
  1     6      -0.000115211      -0.000007883       0.000185204  C
  1     6      -0.000022137      -0.000084994       0.000109694  C
  1     6       0.000134833      -0.000059256       0.000132038  C
  1     6      -0.000024138      -0.000083314       0.000085953  C
  1     6       0.000074507       0.000083863      -0.000098688  C
  1     6       0.000025448       0.000028148       0.000250793  C
  1     6       0.000043730      -0.000044709       0.000136690  C
  1     6      -0.000091620      -0.000013434       0.000158673  C
  1     6       0.000020202      -0.000131313       0.000231304  C
  1     6      -0.000002429      -0.000013270      -0.000008938  C
  1     6      -0.000067238      -0.000000957       0.000026499  C
  1     6      -0.000057962       0.000029405       0.000030236  C
  1     6       0.000114083      -0.000039932       0.000052771  C
  1     6       0.000056575      -0.000049382      -0.000044069  C
  1     6      -0.000064014       0.000003335      -0.000066098  C
  1     6      -0.000007327       0.000050144       0.000077010  C
  1     6      -0.000088035       0.000007912      -0.000110937  C
  1     6      -0.000040669       0.000067542      -0.000098759  C
  1     6      -0.000159966      -0.000035385      -0.000081922  C
  1     6       0.000163518       0.000066936      -0.000131969  C
  1     6      -0.000037423      -0.000022749      -0.000138282  C
  1     6      -0.000090759       0.000041494       0.000001606  C
  1     6       0.000021913       0.000136712      -0.000124195  C
  1     6       0.000107335      -0.000003988      -0.000151932  C
  1     6      -0.000015206      -0.000043236       0.000048003  C
  1     6       0.000274945      -0.000044693       0.000087239  C
  1     6      -0.000050137       0.000006224      -0.000062614  C
  1     6      -0.000069305       0.000102584      -0.000037792  C
  1     6      -0.000050615      -0.000130774      -0.000127084  C
  1     6       0.000041648       0.000022923       0.000054068  C
  1     6       0.000092703       0.000158966       0.000067744  C
  1     6      -0.000171508       0.000121009       0.000122531  C
  1     6      -0.000023758       0.000024380       0.000152497  C
  1     6      -0.000031415      -0.000050717       0.000059734  C
  1     6      -0.000002809      -0.000103995      -0.000000778  C
  1     6      -0.000032852       0.000135975       0.000032163  C
  1     6       0.000008052      -0.000023478      -0.000125119  C
  1     6      -0.000024815      -0.000009244       0.000001548  C
  1     6       0.000112755      -0.000116113       0.000139732  C
  1     6       0.000139887       0.000022360       0.000256832  C
  1     6       0.000068550       0.000144468       0.000161425  C
  1     6      -0.000014360      -0.000009305      -0.000063211  C
  1     6       0.000192775       0.000040624       0.000028617  C
  1     6       0.000198544       0.000013478       0.000041353  C
  1     6      -0.000181527       0.000069769      -0.000066208  C
  1     6      -0.000045227       0.000035451      -0.000122346  C
  1     6      -0.000107248       0.000009876       0.000068601  C
  1     6      -0.000024001       0.000022440      -0.000068177  C
  1     6      -0.000086213      -0.000005365       0.000010286  C
  1     6      -0.000080876      -0.000080352      -0.000031418  C
  1     6      -0.000025915      -0.000067214       0.000142492  C
  1     6      -0.000045194       0.000135036       0.000020933  C
  1     6       0.000052164       0.000066476       0.000047943  C
  1     6       0.000067851       0.000016750      -0.000001899  C
  1     6       0.000056977      -0.000074913       0.000065504  C
  1     6       0.000174773       0.000108966      -0.000152062  C
  1     6       0.000021695       0.000112318       0.000052894  C
  1     6      -0.000032941       0.000001014      -0.000121315  C
  1     6      -0.000017392      -0.000096555      -0.000264621  C
  1     6       0.000223656       0.000070510      -0.000019619  C
  1     6       0.000175454       0.000211448      -0.000041090  C
  1     6      -0.000205268       0.000013252      -0.000073286  C
  1     6      -0.000153470      -0.000006406      -0.000009974  C
  1     6       0.000084732      -0.000158513      -0.000046391  C
  1     6      -0.000052079       0.000033907      -0.000016150  C
  1     6      -0.000044486       0.000094935       0.000007660  C
  1     6       0.000018950      -0.000154977       0.000120142  C
  1     6       0.000107313       0.000036450       0.000063276  C
  1     6       0.000031432      -0.000007769      -0.000060218  C
  1     6      -0.000074253      -0.000047432      -0.000144346  C
  1     6       0.000138958       0.000037815      -0.000173942  C
  1     6       0.000021344       0.000020864      -0.000030671  C
  1     6       0.000109344      -0.000027807      -0.000034830  C
  1     6      -0.000009233      -0.000035578       0.000141572  C
  1     6      -0.000108143      -0.000137315      -0.000107963  C
  1     6      -0.000029104       0.000009379       0.000018565  C
  1     6       0.000140155       0.000044014      -0.000054305  C
  1     6      -0.000153344       0.000213366      -0.000031178  C
  1     6      -0.000054164      -0.000076391      -0.000088517  C
  1     6      -0.000018251      -0.000116956       0.000058472  C
  1     6       0.000111199       0.000137167      -0.000134961  C
  1     6       0.000005788      -0.000083811       0.000076141  C
  1     6      -0.000071383      -0.000070950       0.000019672  C
  1     6       0.000070967       0.000000842       0.000034287  C
  1     6      -0.000030008       0.000162339      -0.000206364  C
  1     6       0.000083411       0.000062665      -0.000264004  C
  1     6      -0.000065623      -0.000007142      -0.000173108  C
  1     6       0.000005803      -0.000128125       0.000091104  C
  1     6       0.000069166       0.000069265      -0.000003896  C
  1     6       0.000044087      -0.000084576       0.000055705  C
  1     6      -0.000018486      -0.000046221      -0.000251332  C
  1     6      -0.000059428       0.000085078       0.000043186  C
  1     6       0.000061707      -0.000028325      -0.000099800  C
  1     6       0.000020778       0.000048649      -0.000037473  C
  1     6      -0.000003632      -0.000195855      -0.000106992  C
  1     6       0.000007907       0.000044134      -0.000152858  C
  1     6       0.000069138       0.000027181      -0.000176904  C
  1     6      -0.000098118      -0.000027733      -0.000273484  C
  1     6       0.000126615       0.000123450      -0.000027326  C
  1     6       0.000045600      -0.000007514       0.000099594  C
  1     6       0.000037461       0.000023712      -0.000069339  C
  1     6      -0.000056410       0.000165837      -0.000080050  C
  1     6      -0.000005573       0.000024243       0.000022260  C
  1     6      -0.000073895       0.000067846       0.000063135  C
  1     6       0.000001919       0.000100505      -0.000096420  C
  1     6      -0.000012677      -0.000001424       0.000038461  C
  1     6      -0.000075338       0.000191705       0.000077564  C
  1     6      -0.000040761       0.000060611      -0.000192673  C
  1     6      -0.000060574       0.000033790       0.000058307  C
  1     6      -0.000052271      -0.000053081      -0.000006177  C
  1     6      -0.000038875      -0.000029440      -0.000056512  C
  1     6       0.000149780      -0.000001624      -0.000127160  C
  1     6       0.000135289       0.000028553      -0.000054002  C
  1     6       0.000027050       0.000053228      -0.000037157  C
  1     6      -0.000138806       0.000132654      -0.000190904  C
  1     6      -0.000029161      -0.000026461       0.000075158  C
  1     6       0.000051488       0.000068124       0.000084248  C
  1     6       0.000000119       0.000078556      -0.000002702  C
  1     6       0.000168724       0.000036393       0.000156346  C
  1     6       0.000002321       0.000142692      -0.000011244  C
  1     6      -0.000168873       0.000028246       0.000016379  C
  1     6       0.000004234       0.000018762       0.000137010  C
  1     6       0.000027950      -0.000066198       0.000053769  C
  1     6      -0.000088939       0.000025890       0.000004408  C
  1     6       0.000081110       0.000010513      -0.000085910  C
  1     6      -0.000029738      -0.000068411       0.000037642  C
  1     6       0.000070998       0.000201417      -0.000021825  C
  1     6      -0.000109431       0.000056995       0.000133492  C
  1     6      -0.000020950       0.000038107       0.000055551  C
  1     6       0.000210376      -0.000001211       0.000006496  C
  1     6       0.000035898      -0.000115474      -0.000056167  C
  1     6       0.000021347       0.000001385      -0.000010202  C
  1     6      -0.000037071       0.000006518       0.000071443  C
  1     6      -0.000087770      -0.000152620       0.000118226  C
  1     6      -0.000001221       0.000036376       0.000117278  C
  1     6      -0.000126631      -0.000070575      -0.000013015  C
  1     6      -0.000074980      -0.000084055       0.000054175  C
  1     6      -0.000082358       0.000126864      -0.000114714  C
  1     6      -0.000015655      -0.000060461      -0.000145250  C
  1     6       0.000060698      -0.000069883      -0.000219600  C
  1     6      -0.000062747      -0.000014852       0.000017417  C
  1     6       0.000141719       0.000066345      -0.000215602  C
  1     6       0.000102640      -0.000049730      -0.000103834  C
  1     6       0.000080024      -0.000158865      -0.000034497  C
  1     6       0.000174599      -0.000060719       0.000115111  C
  1     6       0.000014850      -0.000040612      -0.000036240  C
  1     6      -0.000048700      -0.000035201      -0.000060810  C
  1     6       0.000014824      -0.000058994       0.000012980  C
  1     6       0.000036575      -0.000037321      -0.000227351  C
  1     6      -0.000006615       0.000123819      -0.000172241  C
  1     6      -0.000282351      -0.000077822       0.000090659  C
  1     6      -0.000009896      -0.000124588       0.000031470  C
  1     6       0.000036618       0.000053911      -0.000056998  C
  1     6      -0.000030294      -0.000061439       0.000024120  C
  1     6       0.000003988      -0.000013504       0.000123419  C
  1     6      -0.000073250      -0.000103411       0.000162954  C
  1     6      -0.000069201      -0.000081279      -0.000112852  C
  1     6       0.000088622       0.000111612       0.000140634  C
  1     6       0.000016124      -0.000083895       0.000164327  C
  1     6      -0.000003947      -0.000057385       0.000082465  C
  1     6       0.000005966      -0.000048657       0.000180570  C
  1     6       0.000053455       0.000061521      -0.000051146  C
  1     6       0.000068470       0.000030972      -0.000074293  C
  1     6      -0.000144223      -0.000039412      -0.000092010  C
  1     6       0.000097107      -0.000064708      -0.000315444  C
  1     6       0.000073050       0.000042750      -0.000158132  C
  1     6      -0.000029750      -0.000085174      -0.000152910  C
  1     6      -0.000080326      -0.000023417      -0.000065190  C
  1     6      -0.000095108      -0.000037843       0.000021544  C
  1     6       0.000140996      -0.000108149      -0.000100954  C
  1     6       0.000108999      -0.000059961      -0.000064448  C
  1     6       0.000035576       0.000046155      -0.000111269  C
  1     6      -0.000049145       0.000078100      -0.000218254  C
  1     6       0.000061713       0.000076069      -0.000075987  C
  1     6       0.000069313       0.000071581      -0.000013567  C
  1     6      -0.000017251      -0.000092657      -0.000062471  C
  1     6      -0.000199537      -0.000105964       0.000024481  C
  1     6       0.000073289       0.000040799      -0.000057662  C
  1     6       0.000109325      -0.000163736       0.000111868  C
  1     6       0.000016073      -0.000034433      -0.000037077  C
  1     6      -0.000223316      -0.000016658      -0.000069243  C
  1     6       0.000015187       0.000036676      -0.000007068  C
  1     6       0.000019231      -0.000030185       0.000019334  C
  1     6      -0.000025707       0.000002564       0.000109668  C
  1     6       0.000043421      -0.000057540       0.000123299  C
  1     6       0.000028297      -0.000007088      -0.000093038  C
  1     6       0.000120916       0.000043398       0.000123219  C
  1     6       0.000176142      -0.000075743       0.000039168  C
  1     6      -0.000104688      -0.000061715      -0.000139356  C
  1     6       0.000054609       0.000156638       0.000081539  C
  1     6       0.000129254      -0.000012367       0.000039170  C
  1     6       0.000107289       0.000016274      -0.000025753  C
  1     6       0.000052475       0.000004611      -0.000010047  C
  1     6      -0.000324836       0.000018103      -0.000132593  C
  1     6      -0.000022752      -0.000034098      -0.000069884  C
  1     6      -0.000074600      -0.000080421       0.000126136  C
  1     6      -0.000057016      -0.000088205       0.000083827  C
  1     6      -0.000005113       0.000223067       0.000041082  C
  1     6      -0.000013806       0.000146604      -0.000060565  C
  1     6       0.000095256       0.000132124      -0.000094571  C
  1     6       0.000034251      -0.000122953      -0.000058219  C
  1     6      -0.000012738      -0.000078911      -0.000011427  C
  1     6       0.000097540       0.000149779       0.000030587  C
  1     6       0.000194628       0.000049489       0.000065606  C
  1     6       0.000096789      -0.000227171       0.000053326  C
  1     6      -0.000018920       0.000034507       0.000067306  C
  1     6      -0.000082768       0.000060561      -0.000022635  C
  1     6       0.000126012       0.000193688      -0.000136528  C
  1     6       0.000050142      -0.000068440       0.000002695  C
  1     6       0.000175611      -0.000019462      -0.000076930  C
  1     6      -0.000175892       0.000130671       0.000041398  C
  1     6      -0.000095193       0.000088630       0.000082953  C
  1     6      -0.000100703       0.000156135      -0.000060210  C
  1     6       0.000016806      -0.000070223      -0.000035846  C
  1     6      -0.000126188       0.000038044      -0.000027907  C
  1     6       0.000084045       0.000126364       0.000014377  C
  1     6      -0.000015607      -0.000014692      -0.000006800  C
  1     6       0.000070548       0.000094355      -0.000160597  C
  1     6       0.000000448       0.000035879      -0.000068829  C
  1     6       0.000030551       0.000035408       0.000031984  C
  1     6       0.000060463      -0.000069240       0.000125119  C
  1     6      -0.000130950      -0.000113477      -0.000046726  C
  1     6       0.000026269       0.000096676       0.000041904  C
  1     6      -0.000076122       0.000198990      -0.000216137  C
  1     6      -0.000009090      -0.000120885      -0.000034857  C
  1     6       0.000006184      -0.000031214       0.000005625  C
  1     6       0.000125836       0.000099287       0.000006112  C
  1     6      -0.000028872       0.000024831       0.000048611  C
  1     6      -0.000020630       0.000022154       0.000279030  C
  1     6       0.000062484      -0.000035012       0.000029074  C
  1     6       0.000039901       0.000007206       0.000116726  C
  1     6      -0.000094037      -0.000037801       0.000033370  C
  1     6       0.000015567       0.000075873       0.000139772  C
  1     6       0.000057268       0.000066264      -0.000002560  C
  1     6       0.000029581       0.000011769      -0.000179776  C
  1     6       0.000008872      -0.000048482       0.000154479  C
  1     6      -0.000011658       0.000073463       0.000037453  C
  1     6       0.000018032       0.000135996      -0.000108786  C
  1     6      -0.000127714      -0.000025379       0.000037623  C
  1     6       0.000016883      -0.000194851      -0.000093472  C
  1     6       0.000014055      -0.000182107      -0.000037021  C
  1     6      -0.000093026       0.000017994      -0.000133097  C
  1     6      -0.000062625       0.000134281      -0.000019929  C
  1     6       0.000231484      -0.000100915      -0.000145664  C
  1     6       0.000095056      -0.000009105      -0.000059584  C
  1     6      -0.000030233       0.000091142      -0.000089221  C
  1     6      -0.000008597      -0.000124905      -0.000015425  C
  1     6      -0.000032456      -0.000119493      -0.000023351  C
  1     6      -0.000004704      -0.000054867       0.000063390  C
  1     6       0.000098297      -0.000086142      -0.000130858  C
  1     6      -0.000024503       0.000022830      -0.000019318  C
  1     6      -0.000319520      -0.000163464      -0.000146622  C
  1     6      -0.000043235      -0.000039069       0.000031721  C
  1     6       0.000018784      -0.000103112      -0.000038677  C
  1     6       0.000029783      -0.000003394      -0.000111445  C
  1     6      -0.000023655      -0.000000170       0.000098864  C
  1     6       0.000004512      -0.000038046      -0.000020321  C
  1     6       0.000059851       0.000156526       0.000269907  C
  1     6       0.000033289       0.000078102       0.000095977  C
  1     6      -0.000054199      -0.000117997       0.000000786  C
  1     6       0.000230102      -0.000044479       0.000051831  C
  1     6       0.000033513      -0.000158207       0.000124279  C
  1     6       0.000074572       0.000039431       0.000010624  C
  1     6      -0.000033009       0.000121105      -0.000027276  C
  1     6      -0.000083518      -0.000110148       0.000016726  C
  1     6       0.000036955      -0.000014154       0.000002482  C
  1     6      -0.000045209       0.000040641      -0.000199539  C
  1     6      -0.000069464      -0.000013145      -0.000217747  C
  1     6      -0.000274161      -0.000096333       0.000035903  C
  1     6      -0.000081860      -0.000049203      -0.000034999  C
  1     6       0.000195399       0.000170986      -0.000051965  C
  1     6       0.000012597       0.000015904       0.000032834  C
  1     6      -0.000092737      -0.000013395      -0.000111448  C
  1     6       0.000157856       0.000002035       0.000043146  C
  1     6       0.000078569      -0.000051815      -0.000196349  C
  1     6      -0.000020050       0.000021862       0.000122081  C
  1     6      -0.000097374      -0.000052193      -0.000041774  C
  1     6       0.000157629      -0.000054930      -0.000027178  C
  1     6       0.000038035       0.000096682      -0.000003575  C
  1     6      -0.000094714      -0.000057350      -0.000073480  C
  1     6      -0.000075883       0.000008056       0.000017412  C
  1     6      -0.000069840      -0.000067655      -0.000062685  C
  1     6      -0.000038788      -0.000013064       0.000033991  C
  1     6       0.000048685       0.000061268       0.000133396  C
  1     6      -0.000141924      -0.000123288       0.000145137  C
  1     6      -0.000148150      -0.000038339      -0.000072696  C
  1     6       0.000040038      -0.000096854       0.000006610  C
  1     6       0.000035526       0.000034610      -0.000027984  C
  1     6      -0.000016279       0.000041400       0.000027604  C
  1     6      -0.000008626      -0.000004764       0.000056104  C
  1     6       0.000210617      -0.000053638      -0.000066357  C
  1     6       0.000008341       0.000168846      -0.000058561  C
  1     6      -0.000011025      -0.000062310       0.000105512  C
  1     6      -0.000066843      -0.000096025      -0.000021431  C
  1     6       0.000157063      -0.000063028      -0.000231347  C
  1     6       0.000127331       0.000060295      -0.000161961  C
  1     6      -0.000141622       0.000043244       0.000154972  C
  1     6      -0.000061025       0.000047870       0.000125040  C
  1     6      -0.000024675       0.000139532       0.000084758  C
  1     6       0.000047821       0.000046819       0.000135479  C
  1     6      -0.000050557       0.000007763       0.000268868  C
  1     6      -0.000072873      -0.000131749      -0.000098400  C
  1     6       0.000085823      -0.000072980       0.000212872  C
  1     6       0.000024442       0.000166043       0.000021745  C
  1     6      -0.000042131      -0.000094761      -0.000167863  C
  1     6      -0.000033122      -0.000003430      -0.000019129  C
  1     6      -0.000173767      -0.000072713      -0.000002722  C
  1     6      -0.000012665       0.000030685      -0.000109693  C
  1     6       0.000007733      -0.000103443      -0.000121032  C
  1     6      -0.000048328      -0.000043413      -0.000073263  C
  1     6       0.000031374       0.000023468       0.000062052  C
  1     6       0.000054616       0.000113352      -0.000067267  C
  1     6       0.000044674      -0.000088956       0.000023154  C
  1     6       0.000115411       0.000007253       0.000209492  C
  1     6       0.000053364      -0.000147873       0.000033288  C
  1     6       0.000152057      -0.000004259       0.000124013  C
  1     6       0.000049021      -0.000116096       0.000227695  C
  1     6      -0.000004926      -0.000121955       0.000061068  C
  1     6       0.000030498      -0.000106098       0.000016660  C
  1     6      -0.000068442       0.000002458       0.000185009  C
  1     6       0.000028791      -0.000074220       0.000179426  C
  1     6      -0.000074771       0.000151492       0.000301823  C
  1     6      -0.000107359       0.000043260       0.000021064  C
  1     6       0.000011852      -0.000034743       0.000101289  C
  1     6       0.000049703      -0.000178983      -0.000070302  C
  1     6       0.000049923       0.000012555      -0.000138573  C
  1     6      -0.000091179      -0.000032179       0.000077000  C
  1     6      -0.000044232      -0.000033695       0.000038725  C
  1     6       0.000048426      -0.000112957       0.000017426  C
  1     6       0.000071497       0.000043163      -0.000061257  C
  1     6       0.000033743       0.000021690      -0.000219503  C
  1     6      -0.000029096       0.000028900      -0.000127247  C
  1     6      -0.000007985       0.000014379       0.000091054  C
  1     6       0.000142873      -0.000068777       0.000065767  C
  1     6       0.000171309       0.000013494       0.000137073  C
  1     6      -0.000037506      -0.000025397       0.000027980  C
  1     6      -0.000028833      -0.000036290      -0.000045753  C
  1     6      -0.000012631      -0.000058022       0.000066065  C
  1     6      -0.000032173       0.000059089       0.000054932  C
  1     6       0.000057117       0.000122154       0.000245688  C
  1     6      -0.000018905       0.000015757       0.000012129  C
  1     6      -0.000063709       0.000008591      -0.000118796  C
  1     6      -0.000058686      -0.000080087       0.000020229  C
  1     6       0.000008777      -0.000068205       0.000001557  C
  1     6       0.000017019      -0.000039356       0.000048820  C
  1     6      -0.000059299      -0.000012444      -0.000039107  C
  1     6      -0.000110346       0.000003555       0.000110762  C
  1     6       0.000042597       0.000106544      -0.000009857  C
  1     6      -0.000070344      -0.000070309      -0.000047832  C
  1     6       0.000045553       0.000022842       0.000032399  C
  1     6       0.000060268       0.000004375      -0.000046720  C
  1     6       0.000039880      -0.000032859       0.000048057  C
  1     6      -0.000018186      -0.000113173       0.000142786  C
  1     6       0.000028300       0.000014510       0.000124929  C
  1     6      -0.000060748       0.000008177       0.000080016  C
  1     6      -0.000058552       0.000039750       0.000090181  C
  1     6      -0.000069366      -0.000010179       0.000029830  C
  1     6      -0.000014063       0.000030000      -0.000030763  C
  1     6      -0.000012901       0.000003758       0.000143292  C
  1     6      -0.000103341       0.000097182       0.000000834  C
  1     6      -0.000023563       0.000035796       0.000033463  C
  1     6       0.000095747      -0.000081766       0.000163412  C
  1     6      -0.000050887       0.000019798       0.000129445  C
  1     6      -0.000005565      -0.000010597       0.000044352  C
  1     6       0.000016097       0.000058598       0.000034750  C
  1     6      -0.000054671       0.000153484      -0.000182307  C
  1     6       0.000031124       0.000187240      -0.000013629  C
  1     6       0.000092764       0.000039279       0.000167438  C
  1     6      -0.000012712       0.000056882      -0.000116769  C
  1     6       0.000064287       0.000014159       0.000057408  C
  1     6      -0.000059973      -0.000016868      -0.000000651  C
  1     6      -0.000021875       0.000035223      -0.000034590  C
  1     6      -0.000075320      -0.000000983       0.000125850  C
  1     6       0.000038545       0.000121675      -0.000223779  C
  1     6       0.000134134       0.000192626       0.000078626  C
  1     6      -0.000140476       0.000061240       0.000024947  C
  1     6      -0.000047667      -0.000061712      -0.000035377  C
  1     6       0.000112432       0.000064964      -0.000156573  C
  1     6       0.000061571       0.000030428       0.000193962  C
  1     6      -0.000036599      -0.000034214      -0.000056901  C
  1     6       0.000022834       0.000046522      -0.000132573  C
  1     6       0.000116647       0.000094375      -0.000058054  C
  1     6       0.000029228       0.000023819      -0.000055122  C
  1     6      -0.000005022      -0.000049518       0.000027698  C
  1     6      -0.000043052       0.000061535      -0.000021415  C
  1     6      -0.000013017       0.000055552      -0.000063473  C
  1     6       0.000004608      -0.000015833       0.000003913  C
  1     6       0.000038141      -0.000065826      -0.000058704  C
  1     6      -0.000015691      -0.000016232       0.000059633  C
  1     6      -0.000111529      -0.000115133       0.000149077  C
  1     6      -0.000052205       0.000108760      -0.000064124  C
  1     6      -0.000061818       0.000003894       0.000006149  C
  1     6       0.000033388       0.000096402       0.000160202  C
  1     6      -0.000007058       0.000092239      -0.000135323  C
  1     6       0.000171982      -0.000030956      -0.000011153  C
  1     6      -0.000066542      -0.000088849      -0.000035570  C
  1     6       0.000069226      -0.000096478      -0.000002493  C
  1     6      -0.000086697      -0.000024828      -0.000078574  C
  1     6       0.000088867       0.000117120      -0.000054710  C
  1     6      -0.000095781       0.000105095      -0.000038836  C
  1     6       0.000011819       0.000095873      -0.000041711  C
  1     6       0.000022241      -0.000082281      -0.000114317  C
  1     6       0.000016605       0.000146748       0.000189936  C
  1     6      -0.000001499      -0.000120559      -0.000068307  C
  1     6      -0.000156209       0.000047692      -0.000072252  C
  1     6      -0.000106329      -0.000032537      -0.000099891  C
  1     6       0.000062962       0.000067881       0.000000894  C
  1     6       0.000062229       0.000063359      -0.000226851  C
  1     6      -0.000066554      -0.000109044      -0.000035473  C
  1     6      -0.000157665      -0.000005947      -0.000029519  C
  1     6       0.000036994       0.000009582       0.000120666  C
  1     6       0.000064311       0.000007534      -0.000135486  C
  1     6       0.000054803      -0.000063428       0.000084493  C
  1     6       0.000166130       0.000092683      -0.000208528  C
  1     6       0.000061674      -0.000194042      -0.000078642  C
  1     6      -0.000109021      -0.000079453      -0.000113872  C
  1     6      -0.000044091      -0.000150107      -0.000017553  C
  1     6       0.000033992       0.000045747      -0.000042974  C
  1     6       0.000056381      -0.000060836       0.000007638  C
  1     6      -0.000095951      -0.000095567      -0.000048972  C
  1     6      -0.000138454      -0.000147323      -0.000058922  C
  1     6      -0.000001578      -0.000036724      -0.000055772  C
  1     6      -0.000093699      -0.000089958       0.000013882  C
  1     6      -0.000013045      -0.000148211       0.000020189  C
  1     6      -0.000080633      -0.000091978      -0.000152312  C
  1     6       0.000052677      -0.000035140      -0.000130087  C
  1     6       0.000112335      -0.000122529      -0.000039810  C
  1     6       0.000120563      -0.000068032      -0.000005713  C
  1     6       0.000048800      -0.000063174      -0.000000547  C
  1     6      -0.000049180       0.000121413      -0.000013381  C
  1     6      -0.000024435      -0.000012343       0.000062728  C
  1     6      -0.000052072      -0.000028251      -0.000156151  C
  1     6       0.000098753      -0.000027496      -0.000039428  C
  1     6      -0.000003961      -0.000044771      -0.000016388  C
  1     6       0.000034547      -0.000074322      -0.000024629  C
  1     6       0.000089105      -0.000083597      -0.000056016  C
  1     6      -0.000074710      -0.000094259       0.000145326  C
  1     6      -0.000044212       0.000133604       0.000144384  C
  1     6      -0.000102941       0.000002539       0.000012820  C
  1     6      -0.000046320       0.000057080       0.000149163  C
  1     6      -0.000018240      -0.000006472       0.000054860  C
  1     6       0.000060473       0.000070965      -0.000032368  C
  1     6       0.000027996       0.000095809       0.000163984  C
  1     6      -0.000042225      -0.000028514      -0.000140964  C
  1     6      -0.000000741      -0.000085460       0.000002881  C
  1     6       0.000024050      -0.000159165      -0.000045359  C
  1     6       0.000002018      -0.000007907      -0.000046396  C
  1     6      -0.000099429       0.000012315      -0.000001727  C
  1     6       0.000103922      -0.000086051      -0.000040348  C
  1     6       0.000122462       0.000015106      -0.000075288  C
  1     6       0.000068045       0.000061243      -0.000084239  C
  1     6       0.000061917      -0.000057685       0.000061147  C
  1     6      -0.000036274      -0.000046052      -0.000005739  C
  1     6      -0.000002093       0.000031669       0.000071490  C
  1     6      -0.000001124      -0.000005950      -0.000029419  C
  1     6      -0.000044775      -0.000059831       0.000018561  C
  1     6      -0.000145819       0.000026023      -0.000200423  C
  1     6      -0.000036361       0.000039593      -0.000122778  C
  1     6       0.000128398       0.000110094       0.000201406  C
  1     6      -0.000034416      -0.000119174      -0.000039919  C
  1     6      -0.000050037      -0.000101517      -0.000116255  C
  1     6      -0.000052403      -0.000012375       0.000121451  C
  1     6      -0.000015969      -0.000015103      -0.000020424  C
  1     6      -0.000135112      -0.000084322       0.000163561  C
  1     6       0.000117709       0.000112837       0.000150715  C
  1     6       0.000114551       0.000126746       0.000110046  C
  1     6      -0.000097774       0.000016867      -0.000068807  C
  1     6       0.000024922       0.000096794      -0.000097248  C
  1     6       0.000046629      -0.000118556      -0.000010633  C
  1     6       0.000022864      -0.000043300       0.000058960  C
  1     6       0.000035671      -0.000014829      -0.000200712  C
  1     6      -0.000125693       0.000050337       0.000032163  C
  1     6      -0.000056729       0.000128746       0.000077652  C
  1     6       0.000009322       0.000019539      -0.000089355  C
  1     6       0.000061557       0.000005320       0.000027050  C
  1     6       0.000041899       0.000134961      -0.000057982  C
  1     6      -0.000169168       0.000145801      -0.000022950  C
  1     6      -0.000110657      -0.000065534       0.000158226  C
  1     6       0.000133063       0.000017286      -0.000007225  C
  1     6       0.000016463       0.000036509      -0.000048754  C
  1     6      -0.000003993       0.000053513      -0.000127752  C
  1     6      -0.000006567       0.000050041      -0.000032216  C
  1     6       0.000059015       0.000002742       0.000005144  C
  1     6       0.000072385      -0.000076731      -0.000007319  C
  1     6      -0.000067925       0.000212632       0.000153564  C
  1     6      -0.000107879       0.000048425       0.000012080  C
  1     6       0.000141837       0.000043152      -0.000180165  C
  1     6      -0.000058650       0.000070770       0.000215931  C
  1     6      -0.000075296      -0.000131853       0.000111957  C
  1     6       0.000024170      -0.000099095       0.000138171  C
  1     6       0.000045355      -0.000001063      -0.000172131  C
  1     6       0.000100078      -0.000081668      -0.000086689  C
  1     6      -0.000060410      -0.000104826      -0.000120291  C
  1     6       0.000093716       0.000043129      -0.000122505  C
  1     6       0.000089799       0.000081396       0.000143101  C
  1     6       0.000072587      -0.000021109      -0.000018084  C
  1     6       0.000007037      -0.000013299      -0.000028864  C
  1     6      -0.000009494      -0.000043399      -0.000124332  C
  1     6       0.000095597      -0.000021610      -0.000063126  C
  1     6      -0.000072926       0.000070420       0.000165594  C
  1     6      -0.000117838      -0.000065802      -0.000015853  C
  1     6      -0.000084534       0.000088110       0.000128580  C
  1     6       0.000124601       0.000018443       0.000144875  C
  1     6       0.000033700      -0.000000771      -0.000037647  C
  1     6      -0.000125975      -0.000020509       0.000021570  C
  1     6      -0.000101797       0.000091013      -0.000067561  C
  1     6      -0.000009999      -0.000050811       0.000122763  C
  1     6       0.000165506       0.000046238       0.000119019  C
  1     6      -0.000011336       0.000004940       0.000149360  C
  1     6       0.000133895       0.000113286       0.000089258  C
  1     6      -0.000096204       0.000115891       0.000075506  C
  1     6       0.000001749       0.000078234       0.000096628  C
  1     6       0.000084342       0.000008595       0.000218792  C
  1     6      -0.000033103      -0.000000573      -0.000023776  C
  1     6       0.000076261      -0.000002923       0.000056371  C
  1     6       0.000012508      -0.000222527       0.000032090  C
  1     6       0.000028246       0.000029030      -0.000014156  C
  1     6      -0.000119741       0.000079793       0.000133016  C
  1     6       0.000145709       0.000131883       0.000236664  C
  1     6      -0.000021463      -0.000021199       0.000095459  C
  1     6      -0.000064720      -0.000059044       0.000142319  C
  1     6      -0.000098516      -0.000040637      -0.000108189  C
  1     6       0.000039899      -0.000016949      -0.000000124  C
  1     6      -0.000010144      -0.000063417      -0.000119990  C
  1     6       0.000062928      -0.000112125      -0.000106528  C
  1     6       0.000043307      -0.000040998       0.000073761  C
  1     6      -0.000084694       0.000073107       0.000095335  C
  1     6      -0.000086000      -0.000105688      -0.000097266  C
  1     6       0.000073871       0.000009132      -0.000052865  C
  1     6      -0.000126532       0.000038898       0.000119813  C
  1     6      -0.000009129      -0.000141254      -0.000166935  C
  1     6       0.000049604      -0.000099813       0.000079412  C
  1     6       0.000042592       0.000004416       0.000153482  C
  1     6      -0.000011643       0.000047731       0.000046066  C
  1     6       0.000011682       0.000106554       0.000033245  C
  1     6       0.000118862       0.000070373      -0.000023854  C
  1     6       0.000121720       0.000035773       0.000025568  C
  1     6       0.000145916      -0.000003983       0.000025503  C
  1     6       0.000024388       0.000176551      -0.000081062  C
  1     6       0.000068482       0.000002906       0.000041432  C
  1     6      -0.000003575       0.000004979       0.000030352  C
  1     6      -0.000031292       0.000116717      -0.000167470  C
  1     6      -0.000093970       0.000156446      -0.000122984  C
  1     6      -0.000214074       0.000065194      -0.000086804  C
  1     6      -0.000065046       0.000165133      -0.000007417  C
  1     6       0.000060064       0.000095939       0.000112544  C
  1     6      -0.000073873      -0.000015166       0.000033553  C
  1     6      -0.000018248       0.000043408      -0.000064980  C
  1     6       0.000037583      -0.000039900      -0.000034356  C
  1     6      -0.000093918       0.000127690      -0.000020088  C
  1     6      -0.000013739      -0.000025708      -0.000014903  C
  1     6       0.000073828      -0.000008586       0.000027461  C
  1     6       0.000083822       0.000006314      -0.000105098  C
  1     6      -0.000114504       0.000023584       0.000044290  C
  1     6      -0.000036247      -0.000101936      -0.000043541  C
  1     6       0.000018251      -0.000017417      -0.000096279  C
  1     6      -0.000091898       0.000039448      -0.000106616  C
  1     6       0.000085085       0.000004988      -0.000027710  C
  1     6      -0.000008139       0.000057729       0.000094747  C
  1     6      -0.000080069       0.000071017       0.000136267  C
  1     6      -0.000071919       0.000071498       0.000077487  C
  1     6       0.000036872      -0.000007290      -0.000008852  C
  1     6       0.000068093       0.000127909       0.000014487  C
  1     6       0.000080232      -0.000016165       0.000055118  C
  1     6       0.000172049      -0.000175388      -0.000106958  C
  1     6      -0.000020736      -0.000084389      -0.000079578  C
  1     6      -0.000023089      -0.000058521      -0.000172626  C
  1     6      -0.000036853      -0.000046722      -0.000156939  C
  1     6       0.000038162       0.000053292      -0.000008538  C
  1     6       0.000021934       0.000107856       0.000087604  C
  1     6      -0.000000173       0.000122768       0.000013819  C
  1     6       0.000113879       0.000047620       0.000102999  C
  1     6       0.000111586      -0.000095303      -0.000001493  C
  1     6       0.000018082      -0.000088189      -0.000115805  C
  1     6       0.000052654      -0.000036523      -0.000109437  C
  1     6       0.000088633      -0.000057980      -0.000045443  C
  1     6      -0.000076904      -0.000118456      -0.000016547  C
  1     6      -0.000054451       0.000068359      -0.000029171  C
  1     6      -0.000042761      -0.000034560      -0.000057201  C
  1     6       0.000051381       0.000049546      -0.000067313  C
  1     6      -0.000067707      -0.000052932       0.000075820  C
  1     6      -0.000030149      -0.000014794       0.000098718  C
  1     6       0.000079354       0.000043912       0.000187563  C
  1     6      -0.000120516      -0.000095336       0.000275345  C
  1     6      -0.000031891      -0.000120950      -0.000025033  C
  1     6       0.000123947       0.000044274       0.000208164  C
  1     6      -0.000088934      -0.000053858       0.000077626  C
  1     6      -0.000076325      -0.000022146      -0.000038600  C
  1     6       0.000013104      -0.000121064       0.000108068  C
  1     6       0.000111011      -0.000039870       0.000049261  C
  1     6       0.000057018      -0.000050213      -0.000256175  C
  1     6      -0.000072359      -0.000157389      -0.000244797  C
  1     6       0.000033758      -0.000152699      -0.000028853  C
  1     6       0.000060703       0.000005088      -0.000126833  C
  1     6      -0.000036742      -0.000027146       0.000035458  C
  1     6      -0.000017303      -0.000034451       0.000042626  C
  1     6       0.000071779       0.000074500      -0.000008030  C
  1     6      -0.000018734       0.000075839      -0.000068805  C
  1     6       0.000044248      -0.000145098      -0.000046348  C
  1     6      -0.000041922      -0.000129638      -0.000040158  C
  1     6       0.000041805      -0.000000023      -0.000080653  C
  1     6       0.000090202      -0.000103473       0.000059234  C
  1     6       0.000005364       0.000029452      -0.000040428  C
  1     6      -0.000068937       0.000029027      -0.000074140  C
  1     6       0.000038607       0.000166791      -0.000035581  C
  1     6       0.000010443       0.000017880      -0.000083727  C
  1     6      -0.000095263      -0.000101019       0.000295391  C
  1     6      -0.000058836      -0.000084818       0.000218791  C
  1     6       0.000068694      -0.000016917       0.000162197  C
  1     6       0.000030628      -0.000042431       0.000000599  C
  1     6      -0.000016509      -0.000087183       0.000065679  C
  1     6      -0.000078595      -0.000111908       0.000090529  C
  1     6      -0.000059690       0.000054853      -0.000078250  C
  1     6       0.000006091      -0.000002255       0.000083190  C
  1     6      -0.000048131       0.000090656       0.000024799  C
  1     6       0.000169674       0.000151671      -0.000027526  C
  1     6       0.000090146      -0.000002343      -0.000072845  C
  1     6       0.000113372      -0.000015407      -0.000084884  C
  1     6      -0.000001683      -0.000008022      -0.000043596  C
  1     6       0.000104444      -0.000097305      -0.000021412  C
  1     6       0.000004761      -0.000048616       0.000063950  C
  1     6       0.000074313      -0.000000372       0.000039954  C
  1     6      -0.000017407       0.000107412      -0.000082467  C
  1     6      -0.000144420       0.000118577       0.000061454  C
  1     6      -0.000106748      -0.000009145       0.000039840  C
  1     6       0.000187798       0.000088451       0.000073339  C
  1     6       0.000068963       0.000112086       0.000145343  C
  1     6      -0.000056676       0.000052459      -0.000048392  C
  1     6      -0.000018803       0.000078410       0.000096293  C
  1     6       0.000094721       0.000125976       0.000021880  C
  1     6       0.000082212      -0.000084505      -0.000188135  C
  1     6      -0.000103290      -0.000139641       0.000188459  C
  1     6      -0.000011391      -0.000058575       0.000160941  C
  1     6       0.000117861       0.000161364      -0.000026658  C
  1     6      -0.000023304       0.000015816       0.000064170  C
  1     6      -0.000002034      -0.000030174       0.000121637  C
  1     6      -0.000086707      -0.000025110       0.000011693  C
  1     6       0.000096817       0.000052999       0.000156665  C
  1     6      -0.000064276       0.000055050       0.000259668  C
  1     6      -0.000002623      -0.000089245      -0.000018532  C
  1     6      -0.000018216       0.000032935      -0.000076085  C
  1     6      -0.000050683       0.000057252       0.000044749  C
  1     6       0.000040994       0.000026889       0.000154437  C
  1     6      -0.000034658      -0.000026969      -0.000191899  C
  1     6      -0.000100831       0.000042781      -0.000163138  C
  1     6      -0.000003649       0.000089767      -0.000105106  C
  1     6       0.000000329      -0.000005615       0.000031222  C
  1     6       0.000009078       0.000132788       0.000063317  C
  1     6       0.000109876       0.000099294      -0.000003449  C
  1     6       0.000039266       0.000050995       0.000136229  C
  1     6       0.000008941      -0.000035961      -0.000095607  C
  1     6      -0.000067631       0.000101962       0.000143041  C
  1     6      -0.000039304       0.000176730      -0.000043511  C
  1     6       0.000068416      -0.000027602      -0.000145892  C
  1     6       0.000073994       0.000089231      -0.000134542  C
  1     6       0.000020137      -0.000070241       0.000140360  C
  1     6       0.000060448       0.000171207      -0.000012302  C
  1     6      -0.000057864       0.000081636       0.000071813  C
  1     6      -0.000108571       0.000025386       0.000120639  C
  1     6      -0.000040331       0.000015926       0.000043501  C
  1     6      -0.000071075       0.000011808       0.000015854  C
  1     6      -0.000073074       0.000091200      -0.000005629  C
  1     6       0.000053147       0.000013294      -0.000170948  C
  1     6      -0.000085365      -0.000037988       0.000052533  C
  1     6       0.000128220       0.000039284       0.000042178  C
  1     6       0.000034482      -0.000062633      -0.000034387  C
  1     6      -0.000035919       0.000081889      -0.000012416  C
  1     6      -0.000076631      -0.000108417      -0.000061118  C
  1     6      -0.000000676       0.000021478      -0.000157329  C
  1     6       0.000074549       0.000018887      -0.000047280  C
  1     6       0.000079352       0.000207531      -0.000022427  C
  1     6       0.000023915       0.000080152       0.000010602  C
  1     6       0.000029481      -0.000044210       0.000025372  C
  1     6       0.000006815      -0.000104557       0.000030047  C
  1     6      -0.000234502      -0.000160000       0.000034256  C
  1     6      -0.000058304      -0.000053994      -0.000085948  C
  1     6      -0.000089319       0.000006410       0.000101512  C
  1     6       0.000010327       0.000096260      -0.000000059  C
  1     6      -0.000044215      -0.000073522       0.000083731  C
  1     6      -0.000067104       0.000034657      -0.000037880  C
  1     6      -0.000000981      -0.000078611      -0.000032812  C
  1     6       0.000082767      -0.000070100       0.000101364  C
  1     6      -0.000016706      -0.000207972       0.000080281  C
  1     6       0.000073705       0.000000854       0.000101809  C
  1     6      -0.000004816      -0.000095541      -0.000047450  C
  1     6       0.000006550      -0.000027964       0.000218166  C
  1     6       0.000039604       0.000043460       0.000122043  C
  1     6      -0.000004492      -0.000092034       0.000024689  C
  1     6      -0.000080512      -0.000036144       0.000116768  C
  1     6       0.000109162      -0.000024412       0.000098463  C
  1     6       0.000005413      -0.000040201      -0.000037206  C
  1     6       0.000003758       0.000104324      -0.000070267  C
  1     6      -0.000131483      -0.000039681      -0.000062186  C
  1     6       0.000086132      -0.000016375      -0.000030335  C
  1     6       0.000174787       0.000020242      -0.000117621  C
  1     6      -0.000103413       0.000136884       0.000013806  C
  1     6       0.000074334       0.000017516       0.000133036  C
  1     6       0.000131189       0.000059718       0.000045894  C
  1     6       0.000024459       0.000101908       0.000011835  C
  1     6      -0.000108205      -0.000082138      -0.000045377  C
  1     6       0.000000019       0.000036475       0.000068556  C
  1     6      -0.000039127      -0.000028439      -0.000082842  C
  1     6       0.000020965      -0.000092967      -0.000041049  C
  1     6      -0.000147575       0.000068961       0.000100048  C
  1     6      -0.000027760      -0.000068828       0.000211621  C
  1     6      -0.000055312      -0.000031645       0.000050762  C
  1     6      -0.000022894      -0.000035598       0.000001911  C
  1     6      -0.000097874      -0.000146520       0.000008338  C
  1     6      -0.000129478       0.000055727      -0.000089735  C
  1     6       0.000016516      -0.000201663      -0.000160204  C
  1     6       0.000132625      -0.000000298       0.000015154  C
  1     6      -0.000079172      -0.000147587      -0.000083716  C
  1     6      -0.000141578      -0.000020907      -0.000125359  C
  1     6       0.000103454      -0.000042304       0.000001072  C
  1     6       0.000083864      -0.000090730       0.000065735  C
  1     6      -0.000012697       0.000014232       0.000088640  C
  1     6      -0.000094617      -0.000091793      -0.000049623  C
  1     6       0.000089155      -0.000002854       0.000082617  C
  1     6       0.000021304      -0.000054842      -0.000085439  C
  1     6      -0.000083580       0.000017933      -0.000055002  C
  1     6       0.000003763      -0.000071311       0.000106491  C
  1     6      -0.000039953       0.000053305      -0.000064197  C
  1     6      -0.000005436       0.000038776       0.000079703  C
  1     6       0.000028297       0.000157753      -0.000072595  C
  1     6      -0.000019209       0.000089319      -0.000062426  C
  1     6      -0.000021351       0.000051831      -0.000099797  C
  1     6       0.000142873      -0.000011059       0.000096193  C
  1     6      -0.000014743       0.000003902       0.000007572  C
  1     6      -0.000179662      -0.000065913       0.000085924  C
  1     6      -0.000053218       0.000008487      -0.000063782  C
  1     6       0.000082214       0.000079865      -0.000027728  C
  1     6       0.000118844       0.000115980       0.000025630  C
  1     6      -0.000115479       0.000066507       0.000014184  C
  1     6      -0.000002216       0.000156144      -0.000010392  C
  1     6      -0.000103036       0.000013299      -0.000135428  C
  1     6      -0.000031051      -0.000122439      -0.000035973  C
  1     6       0.000035788       0.000006855       0.000101844  C
  1     6       0.000121615       0.000120421      -0.000159303  C
  1     6       0.000065121      -0.000067105       0.000105204  C
  1     6      -0.000089194      -0.000077887       0.000058853  C
  1     6      -0.000175578      -0.000038000      -0.000195203  C
  1     6      -0.000122329      -0.000013282      -0.000052268  C
  1     6      -0.000110768       0.000030315      -0.000061282  C
  1     6       0.000105812      -0.000114270       0.000005088  C
  1     6       0.000013958      -0.000106915      -0.000034868  C
  1     6      -0.000100851       0.000103155       0.000045871  C
