              -2933.9553252354
         -0.000174477       0.000000018       0.000000000
          0.000000018      -0.000174503      -0.000000001
          0.000000000      -0.000000001      -0.000028151
         244
  1     6      -0.000037254       0.000129506      -0.000104869  C
  1     6       0.000032018      -0.000120272      -0.000075408  C
  1     6      -0.000149627      -0.000127444       0.000008426  C
  1     6      -0.000071825      -0.000075505      -0.000197383  C
  1     6      -0.000082967       0.000093686       0.000072015  C
  1     6      -0.000071288      -0.000028061      -0.000243181  C
  1     6      -0.000045220      -0.000131236       0.000081182  C
  1     6       0.000062086      -0.000078338      -0.000235935  C
  1     6       0.000151895      -0.000106249      -0.000001908  C
  1     6       0.000088659      -0.000141620      -0.000221012  C
  1     6       0.000025492       0.000029986      -0.000163222  C
  1     6       0.000066935       0.000173229      -0.000066038  C
  1     6      -0.000135169       0.000139082      -0.000046264  C
  1     6       0.000029130       0.000031942      -0.000135715  C
  1     6       0.000019951       0.000169868      -0.000061298  C
  1     6      -0.000090644       0.000072180      -0.000266448  C
  1     6      -0.000322251      -0.000141484       0.000037895  C
  1     6      -0.000205771       0.000131493      -0.000222920  C
  1     6       0.000149291       0.000096505      -0.000165218  C
  1     6       0.000020776      -0.000040518      -0.000131030  C
  1     6      -0.000052573      -0.000146589       0.000049139  C
  1     6      -0.000038119      -0.000057817      -0.000042046  C
  1     6       0.000227316      -0.000081211      -0.000179652  C
  1     6       0.000009758       0.000043718      -0.000004740  C
  1     6      -0.000027609       0.000060738      -0.000034068  C
  1     6       0.000009745       0.000151778      -0.000210037  C
  1     6       0.000083995       0.000166077      -0.000193924  C
  1     6       0.000131488       0.000126076      -0.000059800  C
  1     6       0.000024065       0.000051616       0.000189404  C
  1     6      -0.000145527       0.000080988      -0.000082357  C
  1     6       0.000036198       0.000112237      -0.000074234  C
  1     6       0.000008475       0.000089325      -0.000004006  C
  1     6      -0.000012785       0.000034043       0.000031358  C
  1     6      -0.000003089      -0.000055434      -0.000193966  C
  1     6      -0.000020822       0.000131565      -0.000282227  C
  1     6       0.000158885      -0.000073196       0.000003045  C
  1     6      -0.000076658       0.000125121      -0.000094281  C
  1     6      -0.000051472       0.000105415       0.000048857  C
  1     6       0.000062291       0.000017213      -0.000177818  C
  1     6       0.000146519       0.000078604       0.000064462  C
  1     6       0.000135725       0.000026256      -0.000164761  C
  1     6       0.000017231       0.000086428       0.000045301  C
  1     6      -0.000159860      -0.000005259      -0.000214742  C
  1     6      -0.000139307      -0.000130233      -0.000225087  C
  1     6      -0.000053101       0.000020680      -0.000161282  C
  1     6      -0.000119858       0.000011316       0.000010366  C
  1     6      -0.000118938      -0.000046515      -0.000009737  C
  1     6      -0.000072349      -0.000015294      -0.000141045  C
  1     6      -0.000076483       0.000091945      -0.000147083  C
  1     6       0.000020742      -0.000058021       0.000029209  C
  1     6      -0.000130759       0.000043200      -0.000151855  C
  1     6      -0.000080132      -0.000024962      -0.000132055  C
  1     6       0.000027278      -0.000059167      -0.000238954  C
  1     6       0.000073205       0.000166690      -0.000048448  C
  1     6       0.000091483      -0.000041344      -0.000148006  C
  1     6       0.000011832      -0.000201258      -0.000048855  C
  1     6      -0.000117043      -0.000110478      -0.000207369  C
  1     6       0.000073856      -0.000087498       0.000044045  C
  1     6       0.000012149      -0.000004594       0.000045078  C
  1     6       0.000104725      -0.000138393      -0.000041664  C
  1     6       0.000085906      -0.000070338      -0.000160100  C
  1     6       0.000035927      -0.000045323       0.000128544  C
  1     6      -0.000195504      -0.000112971       0.000003914  C
  1     6       0.000013520       0.000144102       0.000103489  C
  1     6      -0.000030693       0.000148666       0.000005741  C
  1     6      -0.000025573      -0.000017530       0.000059242  C
  1     6       0.000037904      -0.000014534       0.000120773  C
  1     6       0.000119808       0.000144638      -0.000157493  C
  1     6       0.000019542       0.000295991       0.000096775  C
  1     6       0.000039049      -0.000022289      -0.000074569  C
  1     6      -0.000002219      -0.000045764       0.000060787  C
  1     6       0.000097768       0.000017451       0.000118737  C
  1     6       0.000252330       0.000061502       0.000132280  C
  1     6       0.000114677      -0.000092652       0.000099594  C
  1     6      -0.000020712      -0.000106083       0.000069334  C
  1     6      -0.000038488      -0.000001866       0.000036678  C
  1     6      -0.000062705      -0.000027396       0.000071967  C
  1     6      -0.000033733      -0.000090322      -0.000016859  C
  1     6      -0.000075477       0.000068283       0.000149542  C
  1     6      -0.000073919      -0.000025575       0.000051841  C
  1     6       0.000062579       0.000043093       0.000124081  C
  1     6       0.000173193      -0.000025679       0.000112510  C
  1     6       0.000247593      -0.000000051       0.000179642  C
  1     6      -0.000113053      -0.000041835       0.000027188  C
  1     6      -0.000041515      -0.000197996       0.000083058  C
  1     6       0.000001685      -0.000084156      -0.000031510  C
  1     6       0.000067037      -0.000201422       0.000018776  C
  1     6      -0.000081198      -0.000086612       0.000119975  C
  1     6      -0.000027833      -0.000130690       0.000110841  C
  1     6       0.000038191      -0.000088594      -0.000027909  C
  1     6      -0.000081709      -0.000021161       0.000223678  C
  1     6      -0.000128413      -0.000007057       0.000142070  C
  1     6      -0.000095162      -0.000123650       0.000071080  C
  1     6      -0.000054569       0.000125083      -0.000237084  C
  1     6       0.000102578       0.000020837       0.000199321  C
  1     6      -0.000060586       0.000014125       0.000089255  C
  1     6      -0.000152786       0.000030357      -0.000024225  C
  1     6       0.000056593      -0.000163248       0.000020189  C
  1     6      -0.000031734      -0.000034240       0.000155777  C
  1     6       0.000110509      -0.000111772       0.000214762  C
  1     6      -0.000052475      -0.000219139       0.000101942  C
  1     6       0.000019844      -0.000023702       0.000116642  C
  1     6       0.000174577       0.000027719      -0.000021076  C
  1     6       0.000109403       0.000049920       0.000016016  C
  1     6      -0.000083649      -0.000030358       0.000153108  C
  1     6       0.000012964      -0.000083444       0.000135087  C
  1     6       0.000062876      -0.000016508       0.000176909  C
  1     6      -0.000000574       0.000129680       0.000080877  C
  1     6       0.000014455       0.000009596       0.000139694  C
  1     6      -0.000056047      -0.000005298       0.000064862  C
  1     6      -0.000002837       0.000035859      -0.000022129  C
  1     6       0.000135637      -0.000004012       0.000122959  C
  1     6       0.000056614       0.000085888       0.000112620  C
  1     6       0.000052656      -0.000070775      -0.000090942  C
  1     6      -0.000029143       0.000145414      -0.000000618  C
  1     6       0.000015765       0.000124073       0.000141749  C
  1     6       0.000081628       0.000081899       0.000097515  C
  1     6      -0.000005522       0.000098713      -0.000065315  C
  1     6       0.000052657      -0.000038908      -0.000055944  C
  1     6      -0.000042840      -0.000043499       0.000189309  C
  1     6      -0.000189909       0.000083899      -0.000121165  C
  1     6       0.000024586      -0.000026229      -0.000094634  C
  1     6      -0.000007674       0.000061739       0.000078403  C
  1     6      -0.000061200       0.000104597       0.000048722  C
  1     6      -0.000103234       0.000103534       0.000075289  C
  1     6      -0.000032001       0.000010189       0.000118661  C
  1     6      -0.000148795       0.000093214      -0.000054852  C
  1     6      -0.000017235       0.000083359      -0.000043416  C
  1     6      -0.000043901       0.000063950      -0.000062226  C
  1     6       0.000024885       0.000105348      -0.000029395  C
  1     6       0.000074352       0.000036794       0.000106431  C
  1     6       0.000012701       0.000055842       0.000134519  C
  1     6       0.000065913       0.000025841       0.000104541  C
  1     6      -0.000007220       0.000051554       0.000053697  C
  1     6      -0.000121094       0.000092649       0.000079685  C
  1     6       0.000100727       0.000133617       0.000019129  C
  1     6      -0.000031645      -0.000034858      -0.000124648  C
  1     6       0.000045135      -0.000029522       0.000031491  C
  1     6      -0.000024934      -0.000062874       0.000057958  C
  1     6       0.000009342      -0.000025145      -0.000087058  C
  1     6       0.000005212       0.000052655       0.000079426  C
  1     6      -0.000032466       0.000020047      -0.000054413  C
  1     6      -0.000055013       0.000035225       0.000137584  C
  1     6       0.000072315      -0.000014360      -0.000044015  C
  1     6       0.000119533      -0.000084720       0.000174686  C
  1     6       0.000063768      -0.000014604      -0.000108989  C
  1     6      -0.000032994       0.000047798       0.000080071  C
  1     6      -0.000183629       0.000101563       0.000150396  C
  1     6       0.000119064       0.000145100       0.000027507  C
  1     6       0.000017332      -0.000050702      -0.000027027  C
  1     6      -0.000016068      -0.000044872      -0.000092080  C
  1     6      -0.000013466      -0.000056315      -0.000021871  C
  1     6       0.000022467       0.000076563       0.000018884  C
  1     6       0.000153878      -0.000012334      -0.000016658  C
  1     6       0.000072570      -0.000093481       0.000035022  C
  1     6       0.000053323      -0.000012790       0.000004356  C
  1     6      -0.000009097       0.000037575       0.000020947  C
  1     6       0.000033390      -0.000029049       0.000054108  C
  1     6      -0.000090094      -0.000155040      -0.000158265  C
  1     6      -0.000115510      -0.000006234       0.000112235  C
  1     6      -0.000118674      -0.000081014      -0.000019927  C
  1     6       0.000052789      -0.000009128      -0.000009684  C
  1     6      -0.000042459      -0.000074308      -0.000141795  C
  1     6      -0.000079483      -0.000081939       0.000071194  C
  1     6       0.000003083      -0.000204841       0.000096853  C
  1     6       0.000089712      -0.000030573       0.000068447  C
  1     6       0.000130702      -0.000064596       0.000108103  C
  1     6       0.000036358       0.000021475      -0.000168184  C
  1     6       0.000024380       0.000033933       0.000067097  C
  1     6       0.000058781      -0.000005446       0.000111172  C
  1     6      -0.000001979      -0.000031420      -0.000024763  C
  1     6      -0.000053071      -0.000034335      -0.000020623  C
  1     6      -0.000066794       0.000004532       0.000052108  C
  1     6      -0.000006118       0.000094891      -0.000020528  C
  1     6      -0.000047496      -0.000024697       0.000081225  C
  1     6      -0.000082771      -0.000053831       0.000142194  C
  1     6       0.000092697      -0.000027843       0.000081813  C
  1     6       0.000056977      -0.000015251       0.000034774  C
  1     6       0.000055935      -0.000085880      -0.000015612  C
  1     6       0.000054544       0.000014653      -0.000048907  C
  1     6       0.000050535       0.000067254      -0.000130014  C
  1     6       0.000005652       0.000057820       0.000057217  C
  1     6       0.000055138      -0.000022367       0.000208839  C
  1     6       0.000095083      -0.000051949      -0.000049478  C
  1     6       0.000069085      -0.000109726       0.000117850  C
  1     6       0.000074756       0.000013999       0.000044806  C
  1     6       0.000042210      -0.000101421       0.000037391  C
  1     6      -0.000010088       0.000013695       0.000007560  C
  1     6      -0.000080856      -0.000016417      -0.000034918  C
  1     6      -0.000106546      -0.000089385      -0.000059847  C
  1     6      -0.000098147      -0.000111903      -0.000018181  C
  1     6       0.000018041      -0.000047056       0.000000390  C
  1     6       0.000002429       0.000017068       0.000034231  C
  1     6       0.000113583      -0.000084920       0.000053476  C
  1     6       0.000047482      -0.000097740      -0.000054671  C
  1     6      -0.000096818       0.000039411       0.000068777  C
  1     6       0.000030608      -0.000093729      -0.000083316  C
  1     6      -0.000060898      -0.000044466      -0.000001884  C
  1     6       0.000024413      -0.000056372      -0.000088424  C
  1     6       0.000048952      -0.000021377      -0.000163234  C
  1     6       0.000047480       0.000065871       0.000117940  C
  1     6      -0.000207056      -0.000053058      -0.000080378  C
  1     6      -0.000111994       0.000022089       0.000152705  C
  1     6      -0.000012386      -0.000129614       0.000016275  C
  1     6       0.000033207      -0.000193205      -0.000055091  C
  1     6      -0.000086425      -0.000067843      -0.000149702  C
  1     6       0.000005838       0.000107557       0.000074670  C
  1     6       0.000012990      -0.000069183      -0.000102924  C
  1     6       0.000005826      -0.000025986       0.000046854  C
  1     6       0.000037854      -0.000026151      -0.000035009  C
  1     6      -0.000002043      -0.000055461       0.000082326  C
  1     6      -0.000097640       0.000158706      -0.000080509  C
  1     6      -0.000010396       0.000182217       0.000148271  C
  1     6       0.000028321       0.000123216      -0.000059124  C
  1     6      -0.000129933      -0.000013720      -0.000007059  C
  1     6       0.000032888       0.000049338       0.000107510  C
  1     6       0.000090639      -0.000016215      -0.000038816  C
  1     6       0.000066907       0.000037250      -0.000004613  C
  1     6      -0.000053384       0.000005158      -0.000056147  C
  1     6      -0.000000606       0.000032352       0.000187788  C
  1     6       0.000033154      -0.000020539      -0.000031282  C
  1     6      -0.000004640       0.000055292       0.000030452  C
  1     6       0.000008418      -0.000063499      -0.000106873  C
  1     6      -0.000005376       0.000104909      -0.000051729  C
  1     6       0.000051289       0.000091024       0.000135212  C
  1     6       0.000040416       0.000065951       0.000021040  C
  1     6       0.000046599       0.000019067      -0.000029706  C
  1     6      -0.000043420       0.000127996       0.000020972  C
  1     6       0.000028952       0.000162129      -0.000063653  C
  1     6       0.000108744       0.000000662      -0.000036624  C
  1     6       0.000065937      -0.000012088      -0.000036061  C
  1     6       0.000005051       0.000073502       0.000142133  C
  1     6       0.000014795       0.000000286       0.000005318  C
  1     6      -0.000093951      -0.000018447      -0.000103353  C
  1     6      -0.000081604      -0.000000414       0.000039236  C
  1     6      -0.000060932       0.000023070       0.000023530  C
  1     6      -0.000066589       0.000015151       0.000148466  C
  1     6      -0.000019235      -0.000036901      -0.000093994  C
  1     6      -0.000066769      -0.000045413      -0.000062549  C
  1     6      -0.000028510       0.000000267      -0.000003824  C
  1     6      -0.000019468       0.000070839      -0.000076644  C
  1     6       0.000079495       0.000056931      -0.000008288  C
  1     6       0.000063855      -0.000097102       0.000080029  C
  1     6       0.000002872      -0.000119448       0.000009530  C
