# PSO z only

- 4:

- 5: -1532.56359302

-1523.8973015211054

-1532.5635930221774

-1532.5635930221774

-1532.5635930221774

-1532.5635930221774

-1532.5635930221774

- 6: -2409.50718038

-2395.8742943361026

-2409.5071803801266

-2409.5071803801266

-2409.5071803801266

-2409.5071803801266

-2409.5071803801266

- 7: -3483.04785292

-3466.2816068755183

-3483.047852916399

-3483.047852916399

-3483.047852916399

-3483.047852916399

-3483.047852916399

- 8: -4756.97841740

-4735.190262009995

-4756.978417404626

-4756.978417404626

-4756.978417404626

-4756.978417404626

-4756.978417404626

- 9: -6231.40087197

-6202.63894179265

-6231.400871967862

-6231.400871967862

-6231.400871967862

-6231.400871967862

# PSO 2params

- 4: -862.39337692

-850.21749758358

-861.8538272133134

-862.3933505576183

-862.3933683186825

-862.3933683186825

-862.3933768276181

-862.3933768276181

-862.3933768874526

-862.3933769191292

-862.3933769221137

-862.3933769241647

- 5: -1541.52486669

-1523.8973015211225

-1541.1813646712071

-1541.5240007712703

-1541.5241323533637

-1541.5248606259756

-1541.5248666833968

-1541.5248666833968

-1541.5248666833968

-1541.5248666833968

-1541.5248666912105

-1541.5248666913344

- 6: -2419.87715495

-2395.8742943361285

-2419.693683160233

-2419.8758286230695

-2419.8758286230695

-2419.8770377048786

-2419.8771535289966

-2419.8771539384084

-2419.8771539384084

-2419.8771549544563

-2419.8771549544563

-2419.8771549544563

- 7: -3497.59056611

-3466.2816068755556

-3497.520084428303

-3497.5894123402954

-3497.5895267454916

-3497.590386170494

-3497.5905659371238

-3497.5905659371238

-3497.5905659371238

-3497.5905659371238

-3497.590566106224

-3497.590566106224

- 8: -4774.73939543

-4735.190262010046

-4774.729492315559

-4774.730832614181

-4774.739351143328

-4774.739387853083

-4774.739387853083

-4774.739387853083

-4774.739395209125

-4774.739395209125

-4774.739395429971

-4774.739395429971

- 9: -6251.36676316

-6202.641634398901

-6251.362070297963

-6251.366747916526

-6251.366747916526

-6251.366747916526

-6251.366747916526

-6251.3667626728375

-6251.3667626728375

-6251.366763163588

-6251.366763163588

-6251.366763164034

- 10: -7927.49940240

-7868.661429681327

-7927.442784590921

-7927.499198347879

-7927.499198347879

-7927.499372175134

-7927.49938138128

-7927.49938138128

-7927.499402272409

-7927.499402272409

-7927.4994023439995

-7927.499402400321

- 11: -9803.15475496

-9733.266441647707

-9803.116662265895

-9803.154585620709

-9803.154585620709

-9803.154585620709

-9803.15475459631

-9803.15475459631

-9803.15475459631

-9803.15475489484

-9803.15475489484

-9803.154754956578

- 12: -11878.34467694