              -6108.2495232759
         -0.000176617       0.000000049      -0.000000000
          0.000000049      -0.000176686       0.000000000
         -0.000000000       0.000000000      -0.000027791
         508
  1     6      -0.000123193      -0.000029104       0.000011034  C
  1     6      -0.000018163      -0.000160538      -0.000010743  C
  1     6       0.000007343      -0.000099199       0.000028087  C
  1     6       0.000185668      -0.000196340       0.000197167  C
  1     6       0.000003354      -0.000112582      -0.000029997  C
  1     6       0.000199902      -0.000100839      -0.000039582  C
  1     6       0.000089960      -0.000148822       0.000010886  C
  1     6       0.000008357      -0.000181993      -0.000143348  C
  1     6       0.000024241      -0.000192352       0.000026560  C
  1     6       0.000167715       0.000016832      -0.000063501  C
  1     6       0.000241176      -0.000020241      -0.000023498  C
  1     6       0.000013569      -0.000192101       0.000106902  C
  1     6       0.000155704       0.000042163      -0.000143786  C
  1     6       0.000057863      -0.000110885       0.000029843  C
  1     6       0.000015927      -0.000159849      -0.000013984  C
  1     6       0.000145998      -0.000065285      -0.000046656  C
  1     6       0.000096500       0.000174179      -0.000015805  C
  1     6      -0.000059112       0.000092819       0.000009689  C
  1     6       0.000143626       0.000030127      -0.000014657  C
  1     6      -0.000030045       0.000059860       0.000079971  C
  1     6      -0.000124029      -0.000144881      -0.000039422  C
  1     6      -0.000044136      -0.000096176       0.000067519  C
  1     6       0.000086939       0.000050715      -0.000042377  C
  1     6       0.000057966       0.000003515      -0.000091502  C
  1     6       0.000121270      -0.000056609       0.000066867  C
  1     6       0.000151758      -0.000004661      -0.000011245  C
  1     6       0.000116216      -0.000007887       0.000189106  C
  1     6      -0.000106918       0.000066857       0.000107542  C
  1     6       0.000136976       0.000043257      -0.000039956  C
  1     6       0.000027154       0.000061586       0.000017373  C
  1     6      -0.000081672       0.000016442      -0.000040650  C
  1     6       0.000162880       0.000043673       0.000025848  C
  1     6       0.000228491      -0.000143190       0.000027424  C
  1     6       0.000036068      -0.000080779      -0.000028933  C
  1     6       0.000174169      -0.000009387       0.000010107  C
  1     6       0.000163536      -0.000109958      -0.000021747  C
  1     6       0.000037579       0.000117446      -0.000021873  C
  1     6       0.000003403       0.000077630      -0.000047416  C
  1     6      -0.000086569      -0.000068011       0.000004341  C
  1     6       0.000117428      -0.000005130      -0.000070885  C
  1     6      -0.000030615       0.000036197      -0.000029434  C
  1     6       0.000048262      -0.000069206      -0.000090764  C
  1     6       0.000032860      -0.000031185       0.000030161  C
  1     6      -0.000063234      -0.000033122      -0.000042898  C
  1     6       0.000094065      -0.000018975       0.000027274  C
  1     6       0.000165869       0.000140232      -0.000070727  C
  1     6      -0.000067194      -0.000101266       0.000124919  C
  1     6      -0.000069797      -0.000217307      -0.000023347  C
  1     6       0.000120181      -0.000069969       0.000017650  C
  1     6      -0.000054326      -0.000079526       0.000017118  C
  1     6      -0.000075723       0.000054073      -0.000063634  C
  1     6       0.000355116      -0.000082899       0.000120271  C
  1     6       0.000055289      -0.000294345       0.000046599  C
  1     6       0.000040219      -0.000054057       0.000025184  C
  1     6       0.000175137      -0.000188183      -0.000015839  C
  1     6      -0.000103840      -0.000098285      -0.000021402  C
  1     6      -0.000179526      -0.000079210      -0.000015670  C
  1     6      -0.000061714       0.000088709      -0.000025287  C
  1     6       0.000066826      -0.000187458       0.000162957  C
  1     6      -0.000120902       0.000198242       0.000196223  C
  1     6      -0.000190395      -0.000085369       0.000197158  C
  1     6       0.000079715      -0.000113417      -0.000042565  C
  1     6      -0.000021558      -0.000024351      -0.000090787  C
  1     6       0.000099047       0.000176865       0.000197281  C
  1     6       0.000137136       0.000103203       0.000100442  C
  1     6       0.000170062      -0.000099750       0.000077749  C
  1     6       0.000170295      -0.000081241      -0.000065178  C
  1     6       0.000010097      -0.000175636      -0.000063150  C
  1     6       0.000038434      -0.000156945      -0.000040178  C
  1     6      -0.000089671       0.000145638      -0.000023064  C
  1     6      -0.000077829      -0.000135656      -0.000064292  C
  1     6       0.000142040      -0.000128775       0.000122559  C
  1     6      -0.000000975      -0.000258290       0.000168084  C
  1     6      -0.000036823      -0.000172859      -0.000024949  C
  1     6      -0.000049252      -0.000116121      -0.000046628  C
  1     6      -0.000044273      -0.000172063       0.000010255  C
  1     6       0.000006716      -0.000029019       0.000025809  C
  1     6      -0.000153526       0.000109001       0.000168479  C
  1     6      -0.000002859      -0.000095596       0.000030179  C
  1     6      -0.000144057       0.000004276       0.000100455  C
  1     6      -0.000014486       0.000026505       0.000027778  C
  1     6       0.000003474       0.000056561       0.000067952  C
  1     6       0.000103923      -0.000011482      -0.000029284  C
  1     6       0.000308099      -0.000015381       0.000196635  C
  1     6      -0.000007473       0.000033172       0.000030497  C
  1     6       0.000063879       0.000127898       0.000122436  C
  1     6      -0.000098824       0.000288096       0.000120440  C
  1     6      -0.000101021       0.000051043       0.000026303  C
  1     6       0.000165163       0.000033106       0.000108047  C
  1     6       0.000021102       0.000088472       0.000125644  C
  1     6      -0.000093685      -0.000121456       0.000078228  C
  1     6       0.000111715      -0.000030168       0.000030408  C
  1     6       0.000136087       0.000087198       0.000162997  C
  1     6       0.000109491      -0.000099769       0.000004595  C
  1     6      -0.000088729       0.000035791      -0.000013893  C
  1     6      -0.000026539      -0.000016636      -0.000028350  C
  1     6      -0.000208461       0.000074950       0.000047240  C
  1     6      -0.000116862      -0.000084317       0.000122813  C
  1     6       0.000026755       0.000119685       0.000077704  C
  1     6      -0.000199557       0.000014273      -0.000070328  C
  1     6      -0.000063781       0.000073176      -0.000010605  C
  1     6      -0.000011955       0.000155260      -0.000038769  C
  1     6       0.000012619      -0.000120411      -0.000069915  C
  1     6      -0.000125238       0.000006854       0.000163516  C
  1     6       0.000250974       0.000054311       0.000168032  C
  1     6       0.000246464       0.000122403       0.000046576  C
  1     6       0.000012831       0.000211705       0.000028141  C
  1     6      -0.000106378       0.000052916      -0.000143305  C
  1     6       0.000000075      -0.000117762       0.000189931  C
  1     6       0.000107605      -0.000244558      -0.000069821  C
  1     6       0.000086573      -0.000194634       0.000100838  C
  1     6      -0.000085739      -0.000281535       0.000196170  C
  1     6      -0.000047263       0.000025865      -0.000070668  C
  1     6      -0.000032776      -0.000113601       0.000080315  C
  1     6      -0.000070338      -0.000021518       0.000030183  C
  1     6      -0.000175080      -0.000157134       0.000028763  C
  1     6      -0.000180683      -0.000298364       0.000120811  C
  1     6       0.000007015       0.000116322      -0.000064079  C
  1     6       0.000143494      -0.000087518       0.000124747  C
  1     6      -0.000046608       0.000034291       0.000189494  C
  1     6       0.000083940       0.000095039       0.000010952  C
  1     6       0.000124652      -0.000032444       0.000080560  C
  1     6       0.000049606       0.000076622       0.000005047  C
  1     6       0.000183481      -0.000015918      -0.000024760  C
  1     6       0.000043685      -0.000014444       0.000025157  C
  1     6       0.000064782      -0.000003885      -0.000029069  C
  1     6       0.000068269       0.000042770       0.000029780  C
  1     6      -0.000068199      -0.000042764       0.000029797  C
  1     6      -0.000064751       0.000003872      -0.000029058  C
  1     6      -0.000043740       0.000014475       0.000025157  C
  1     6      -0.000183459       0.000015896      -0.000024757  C
  1     6      -0.000049579      -0.000076632       0.000005053  C
  1     6      -0.000124614       0.000032458       0.000080564  C
  1     6      -0.000083980      -0.000095010       0.000010953  C
  1     6       0.000046592      -0.000034276       0.000189439  C
  1     6      -0.000143470       0.000087523       0.000124760  C
  1     6      -0.000006989      -0.000116267      -0.000064072  C
  1     6       0.000180678       0.000298414       0.000120813  C
  1     6       0.000175053       0.000157166       0.000028757  C
  1     6       0.000070304       0.000021495       0.000030181  C
  1     6       0.000032734       0.000113555       0.000080325  C
  1     6       0.000047252      -0.000025911      -0.000070729  C
  1     6       0.000085679       0.000281515       0.000196162  C
  1     6      -0.000086582       0.000194643       0.000100837  C
  1     6      -0.000107624       0.000244535      -0.000069821  C
  1     6      -0.000000033       0.000117725       0.000189926  C
  1     6       0.000106383      -0.000052904      -0.000143309  C
  1     6      -0.000012810      -0.000211675       0.000028083  C
  1     6      -0.000246469      -0.000122478       0.000046594  C
  1     6      -0.000250942      -0.000054352       0.000168035  C
  1     6       0.000125219      -0.000006900       0.000163517  C
  1     6      -0.000012707       0.000120344      -0.000069913  C
  1     6       0.000011934      -0.000155268      -0.000038770  C
  1     6       0.000063744      -0.000073140      -0.000010592  C
  1     6       0.000199566      -0.000014265      -0.000070320  C
  1     6      -0.000026731      -0.000119637       0.000077704  C
  1     6       0.000116928       0.000084336       0.000122810  C
  1     6       0.000208488      -0.000074918       0.000047240  C
  1     6       0.000026666       0.000016639      -0.000028349  C
  1     6       0.000088806      -0.000035791      -0.000013894  C
  1     6      -0.000109482       0.000099786       0.000004610  C
  1     6      -0.000136130      -0.000087196       0.000162999  C
  1     6      -0.000111710       0.000030157       0.000030411  C
  1     6       0.000093640       0.000121414       0.000078229  C
  1     6      -0.000021210      -0.000088511       0.000125642  C
  1     6      -0.000165200      -0.000033152       0.000108049  C
  1     6       0.000101016      -0.000051023       0.000026296  C
  1     6       0.000098820      -0.000288090       0.000120442  C
  1     6      -0.000063890      -0.000127935       0.000122438  C
  1     6       0.000007497      -0.000033213       0.000030492  C
  1     6      -0.000308093       0.000015388       0.000196639  C
  1     6      -0.000103857       0.000011490      -0.000029284  C
  1     6      -0.000003439      -0.000056568       0.000067949  C
  1     6       0.000014505      -0.000026461       0.000027775  C
  1     6       0.000143990      -0.000004209       0.000100444  C
  1     6       0.000002852       0.000095582       0.000030181  C
  1     6       0.000153501      -0.000108998       0.000168481  C
  1     6      -0.000006765       0.000029066       0.000025815  C
  1     6       0.000044240       0.000172037       0.000010258  C
  1     6       0.000049230       0.000116112      -0.000046627  C
  1     6       0.000036791       0.000172889      -0.000024939  C
  1     6       0.000000947       0.000258310       0.000168069  C
  1     6      -0.000142014       0.000128728       0.000122559  C
  1     6       0.000077802       0.000135587      -0.000064296  C
  1     6       0.000089654      -0.000145696      -0.000023062  C
  1     6      -0.000038396       0.000156860      -0.000040177  C
  1     6      -0.000010021       0.000175560      -0.000063153  C
  1     6      -0.000170294       0.000081253      -0.000065189  C
  1     6      -0.000170074       0.000099776       0.000077754  C
  1     6      -0.000137089      -0.000103190       0.000100448  C
  1     6      -0.000099003      -0.000176807       0.000197278  C
  1     6       0.000021585       0.000024418      -0.000090788  C
  1     6      -0.000079677       0.000113416      -0.000042567  C
  1     6       0.000190404       0.000085370       0.000197164  C
  1     6       0.000120868      -0.000198217       0.000196224  C
  1     6      -0.000066799       0.000187459       0.000162965  C
  1     6       0.000061725      -0.000088722      -0.000025285  C
  1     6       0.000179508       0.000079261      -0.000015666  C
  1     6       0.000103807       0.000098309      -0.000021398  C
  1     6      -0.000175102       0.000188198      -0.000015850  C
  1     6      -0.000040250       0.000054076       0.000025189  C
  1     6      -0.000055340       0.000294411       0.000046602  C
  1     6      -0.000355174       0.000082880       0.000120268  C
  1     6       0.000075715      -0.000054112      -0.000063633  C
  1     6       0.000054304       0.000079533       0.000017116  C
  1     6      -0.000120185       0.000069922       0.000017653  C
  1     6       0.000069821       0.000217244      -0.000023351  C
  1     6       0.000067149       0.000101229       0.000124913  C
  1     6      -0.000165874      -0.000140201      -0.000070729  C
  1     6      -0.000093992       0.000018986       0.000027275  C
  1     6       0.000063289       0.000033134      -0.000042898  C
  1     6      -0.000032858       0.000031185       0.000030159  C
  1     6      -0.000048202       0.000069158      -0.000090767  C
  1     6       0.000030605      -0.000036257      -0.000029428  C
  1     6      -0.000117459       0.000005100      -0.000070883  C
  1     6       0.000086485       0.000068030       0.000004340  C
  1     6      -0.000003409      -0.000077619      -0.000047412  C
  1     6      -0.000037603      -0.000117410      -0.000021871  C
  1     6      -0.000163526       0.000110027      -0.000021748  C
  1     6      -0.000174111       0.000009420       0.000010108  C
  1     6      -0.000036024       0.000080799      -0.000028936  C
  1     6      -0.000228427       0.000143230       0.000027429  C
  1     6      -0.000162815      -0.000043638       0.000025850  C
  1     6       0.000081718      -0.000016423      -0.000040648  C
  1     6      -0.000027169      -0.000061553       0.000017367  C
  1     6      -0.000136986      -0.000043245      -0.000039953  C
  1     6       0.000106880      -0.000066881       0.000107542  C
  1     6      -0.000116262       0.000007873       0.000189103  C
  1     6      -0.000151851       0.000004682      -0.000011247  C
  1     6      -0.000121249       0.000056603       0.000066869  C
  1     6      -0.000057991      -0.000003522      -0.000091502  C
  1     6      -0.000086946      -0.000050778      -0.000042377  C
  1     6       0.000044164       0.000096173       0.000067514  C
  1     6       0.000124078       0.000144852      -0.000039425  C
  1     6       0.000030083      -0.000059846       0.000079964  C
  1     6      -0.000143596      -0.000030091      -0.000014663  C
  1     6       0.000059165      -0.000092765       0.000009692  C
  1     6      -0.000096537      -0.000174180      -0.000015802  C
  1     6      -0.000146006       0.000065329      -0.000046654  C
  1     6      -0.000015964       0.000159864      -0.000014084  C
  1     6      -0.000057840       0.000110893       0.000029845  C
  1     6      -0.000155764      -0.000042127      -0.000143792  C
  1     6      -0.000013629       0.000192118       0.000106902  C
  1     6      -0.000241264       0.000020218      -0.000023494  C
  1     6      -0.000167712      -0.000016828      -0.000063504  C
  1     6      -0.000024249       0.000192398       0.000026559  C
  1     6      -0.000008341       0.000181983      -0.000143350  C
  1     6      -0.000089961       0.000148758       0.000010889  C
  1     6      -0.000199889       0.000100778      -0.000039572  C
  1     6      -0.000003309       0.000112505      -0.000029998  C
  1     6      -0.000185619       0.000196321       0.000197175  C
  1     6      -0.000007333       0.000099211       0.000028086  C
  1     6       0.000018135       0.000160542      -0.000010743  C
  1     6       0.000123195       0.000029127       0.000011030  C
  1     6       0.000115668      -0.000001394      -0.000109236  C
  1     6      -0.000001326      -0.000137724       0.000039105  C
  1     6       0.000130542      -0.000054513       0.000091954  C
  1     6       0.000026893      -0.000096043      -0.000088587  C
  1     6       0.000048406      -0.000044755      -0.000011792  C
  1     6       0.000048160      -0.000085850       0.000015621  C
  1     6      -0.000056191      -0.000028490       0.000015698  C
  1     6      -0.000069261       0.000060477       0.000005581  C
  1     6      -0.000132286       0.000141025      -0.000137109  C
  1     6      -0.000039325      -0.000190234       0.000039647  C
  1     6       0.000078160      -0.000036304      -0.000081119  C
  1     6      -0.000006125      -0.000071455      -0.000152344  C
  1     6       0.000061947      -0.000125289      -0.000020357  C
  1     6      -0.000010346       0.000003462      -0.000152448  C
  1     6      -0.000029629       0.000131363       0.000008573  C
  1     6       0.000061758       0.000100953      -0.000114386  C
  1     6      -0.000030513       0.000224067      -0.000190375  C
  1     6      -0.000100189      -0.000059715       0.000048065  C
  1     6      -0.000059222       0.000042131      -0.000109063  C
  1     6       0.000044115       0.000075343       0.000047749  C
  1     6      -0.000128233      -0.000006007      -0.000198363  C
  1     6       0.000163789      -0.000145684      -0.000193975  C
  1     6       0.000217743      -0.000175890      -0.000007031  C
  1     6      -0.000028724      -0.000150692       0.000005980  C
  1     6      -0.000146868      -0.000075974       0.000117164  C
  1     6      -0.000016603      -0.000070906      -0.000011425  C
  1     6      -0.000215802      -0.000154339      -0.000007018  C
  1     6      -0.000160195       0.000020041      -0.000148958  C
  1     6       0.000023376      -0.000205684      -0.000062802  C
  1     6      -0.000113967      -0.000152169       0.000008617  C
  1     6      -0.000088831      -0.000118536       0.000028427  C
  1     6      -0.000114066      -0.000169299      -0.000008737  C
  1     6      -0.000025570      -0.000105540      -0.000081165  C
  1     6      -0.000145694       0.000027090      -0.000062752  C
  1     6       0.000075527      -0.000062655      -0.000034412  C
  1     6       0.000049218      -0.000170245      -0.000198592  C
  1     6       0.000106389       0.000005390       0.000039393  C
  1     6      -0.000086453      -0.000101423       0.000020337  C
  1     6       0.000252373      -0.000141542      -0.000190303  C
  1     6      -0.000047393      -0.000089887      -0.000034567  C
  1     6       0.000036677      -0.000216230      -0.000149063  C
  1     6      -0.000074985      -0.000246996      -0.000136581  C
  1     6      -0.000148319      -0.000145640      -0.000052006  C
  1     6       0.000157353      -0.000132058      -0.000129817  C
  1     6      -0.000047906      -0.000036609      -0.000088753  C
  1     6      -0.000165075      -0.000132380      -0.000193710  C
  1     6      -0.000006969       0.000026606      -0.000034933  C
  1     6      -0.000138065      -0.000058684      -0.000114218  C
  1     6      -0.000038159      -0.000093012      -0.000052213  C
  1     6      -0.000046801      -0.000094899      -0.000037127  C
  1     6       0.000076202      -0.000052570       0.000071798  C
  1     6      -0.000101953       0.000065494       0.000039563  C
  1     6       0.000147391       0.000061185      -0.000149289  C
  1     6       0.000022289       0.000141844      -0.000194322  C
  1     6      -0.000049228       0.000071965       0.000092122  C
  1     6      -0.000039246       0.000027328       0.000017793  C
  1     6      -0.000037918       0.000081451       0.000033444  C
  1     6       0.000096257      -0.000169944      -0.000114682  C
  1     6       0.000151482       0.000046660      -0.000063331  C
  1     6       0.000159636      -0.000011667       0.000039475  C
  1     6      -0.000020451       0.000085269       0.000117280  C
  1     6      -0.000012178       0.000018306       0.000013462  C
  1     6      -0.000085476      -0.000198707      -0.000001017  C
  1     6      -0.000066639      -0.000152227       0.000091539  C
  1     6       0.000107592       0.000051163      -0.000199005  C
  1     6      -0.000194385      -0.000214794      -0.000190979  C
  1     6      -0.000196231       0.000076141      -0.000227763  C
  1     6       0.000098411       0.000055958       0.000009999  C
  1     6      -0.000027062      -0.000025296       0.000130592  C
  1     6       0.000005736      -0.000285981      -0.000227603  C
  1     6       0.000232809      -0.000017372      -0.000137612  C
  1     6       0.000026151       0.000200996      -0.000007599  C
  1     6       0.000043805      -0.000001105      -0.000088985  C
  1     6       0.000134058       0.000087521       0.000026339  C
  1     6      -0.000108703       0.000029435       0.000007374  C
  1     6      -0.000175487      -0.000005448       0.000026219  C
  1     6       0.000173666      -0.000093711       0.000007791  C
  1     6      -0.000027274       0.000020236      -0.000081815  C
  1     6      -0.000077180       0.000109970      -0.000002075  C
  1     6       0.000045354       0.000001106       0.000019495  C
  1     6      -0.000050097      -0.000034002       0.000019390  C
  1     6      -0.000092026      -0.000136406       0.000117273  C
  1     6      -0.000075150       0.000019504       0.000037989  C
  1     6       0.000092833      -0.000127976       0.000047101  C
  1     6      -0.000028741      -0.000087141       0.000070504  C
  1     6       0.000053874      -0.000018128       0.000130491  C
  1     6       0.000007405      -0.000040339      -0.000067571  C
  1     6      -0.000127531      -0.000026278       0.000009302  C
  1     6       0.000080445      -0.000062333      -0.000053260  C
  1     6       0.000134304      -0.000011733       0.000005538  C
  1     6       0.000002298      -0.000005410      -0.000012473  C
  1     6       0.000144389      -0.000059273       0.000032560  C
  1     6       0.000131161       0.000022534       0.000006828  C
  1     6      -0.000005161      -0.000182175       0.000006674  C
  1     6      -0.000030576      -0.000127545       0.000017103  C
  1     6       0.000054102      -0.000032314      -0.000153446  C
  1     6      -0.000144378      -0.000117985      -0.000130599  C
  1     6       0.000082044      -0.000054412       0.000012976  C
  1     6       0.000025931      -0.000096699       0.000019257  C
  1     6      -0.000041622      -0.000092609       0.000012891  C
  1     6       0.000178664      -0.000127250      -0.000052503  C
  1     6      -0.000015852      -0.000137271      -0.000109707  C
  1     6      -0.000037548       0.000143326      -0.000009387  C
  1     6      -0.000005108       0.000041276      -0.000037711  C
  1     6       0.000053405      -0.000164414       0.000009355  C
  1     6       0.000001633      -0.000086593       0.000130484  C
  1     6       0.000081531      -0.000065819      -0.000037517  C
  1     6       0.000135272      -0.000087977       0.000027250  C
  1     6       0.000048073       0.000032368       0.000015445  C
  1     6       0.000011017       0.000082595       0.000019425  C
  1     6       0.000101819      -0.000028629       0.000017065  C
  1     6       0.000058958      -0.000211708       0.000026267  C
  1     6      -0.000080522      -0.000145273       0.000032739  C
  1     6       0.000113927      -0.000088506       0.000019782  C
  1     6       0.000056226       0.000131972       0.000116429  C
  1     6      -0.000002798       0.000157268      -0.000052935  C
  1     6       0.000135215      -0.000077528       0.000117122  C
  1     6       0.000181965      -0.000044453      -0.000001715  C
  1     6       0.000019804       0.000141540      -0.000130398  C
  1     6       0.000127965      -0.000145054       0.000116674  C
  1     6      -0.000099558      -0.000023636      -0.000020833  C
  1     6      -0.000005733       0.000094682       0.000027775  C
  1     6      -0.000010361       0.000026961      -0.000053003  C
  1     6       0.000212231       0.000068723      -0.000227884  C
  1     6      -0.000015970       0.000019032       0.000071071  C
  1     6       0.000190933      -0.000079277      -0.000009260  C
  1     6       0.000075674       0.000066503      -0.000020704  C
  1     6      -0.000075651      -0.000066433      -0.000020707  C
  1     6      -0.000190887       0.000079295      -0.000009259  C
  1     6       0.000015958      -0.000019031       0.000071077  C
  1     6      -0.000212211      -0.000068672      -0.000227888  C
  1     6       0.000010343      -0.000026914      -0.000053004  C
  1     6       0.000005691      -0.000094673       0.000027771  C
  1     6       0.000099554       0.000023573      -0.000020833  C
  1     6      -0.000127892       0.000145120       0.000116679  C
  1     6      -0.000019741      -0.000141533      -0.000130395  C
  1     6      -0.000181924       0.000044470      -0.000001725  C
  1     6      -0.000135262       0.000077476       0.000117120  C
  1     6       0.000002723      -0.000157253      -0.000052937  C
  1     6      -0.000056312      -0.000131945       0.000116428  C
  1     6      -0.000113915       0.000088551       0.000019778  C
  1     6       0.000080489       0.000145256       0.000032735  C
  1     6      -0.000058980       0.000211630       0.000026272  C
  1     6      -0.000101801       0.000028589       0.000017058  C
  1     6      -0.000011076      -0.000082604       0.000019421  C
  1     6      -0.000048128      -0.000032321       0.000015438  C
  1     6      -0.000135160       0.000088047       0.000027249  C
  1     6      -0.000081538       0.000065739      -0.000037512  C
  1     6      -0.000001643       0.000086516       0.000130484  C
  1     6      -0.000053312       0.000164361       0.000009461  C
  1     6       0.000005063      -0.000041294      -0.000037713  C
  1     6       0.000037536      -0.000143297      -0.000009386  C
  1     6       0.000015911       0.000137404      -0.000109708  C
  1     6      -0.000178664       0.000127329      -0.000052504  C
  1     6       0.000041635       0.000092604       0.000012893  C
  1     6      -0.000025870       0.000096675       0.000019259  C
  1     6      -0.000082069       0.000054382       0.000012973  C
  1     6       0.000144358       0.000118062      -0.000130596  C
  1     6      -0.000054029       0.000032469      -0.000153446  C
  1     6       0.000030462       0.000127645       0.000017104  C
  1     6       0.000005129       0.000182149       0.000006667  C
  1     6      -0.000131162      -0.000022611       0.000006826  C
  1     6      -0.000144393       0.000059239       0.000032562  C
  1     6      -0.000002352       0.000005427      -0.000012480  C
  1     6      -0.000134298       0.000011805       0.000005537  C
  1     6      -0.000080488       0.000062301      -0.000053258  C
  1     6       0.000127471       0.000026334       0.000009303  C
  1     6      -0.000007350       0.000040388      -0.000067576  C
  1     6      -0.000053855       0.000018130       0.000130492  C
  1     6       0.000028820       0.000087159       0.000070507  C
  1     6      -0.000092704       0.000128029       0.000047102  C
  1     6       0.000075198      -0.000019388       0.000037989  C
  1     6       0.000091976       0.000136437       0.000117274  C
  1     6       0.000050057       0.000034168       0.000019389  C
  1     6      -0.000045427      -0.000000994       0.000019491  C
  1     6       0.000077141      -0.000109881      -0.000002082  C
  1     6       0.000027260      -0.000020102      -0.000081818  C
  1     6      -0.000173629       0.000093809       0.000007788  C
  1     6       0.000175485       0.000005523       0.000026215  C
  1     6       0.000108677      -0.000029337       0.000007377  C
  1     6      -0.000134066      -0.000087553       0.000026345  C
  1     6      -0.000043776       0.000001033      -0.000088990  C
  1     6      -0.000026144      -0.000200984      -0.000007603  C
  1     6      -0.000232822       0.000017381      -0.000137613  C
  1     6      -0.000005699       0.000286048      -0.000227604  C
  1     6       0.000027115       0.000025324       0.000130593  C
  1     6      -0.000098418      -0.000055928       0.000009993  C
  1     6       0.000196245      -0.000076187      -0.000227765  C
  1     6       0.000194482       0.000214731      -0.000190975  C
  1     6      -0.000107586      -0.000051195      -0.000199010  C
  1     6       0.000066594       0.000152259       0.000091534  C
  1     6       0.000085458       0.000198771      -0.000001021  C
  1     6       0.000012138      -0.000018280       0.000013462  C
  1     6       0.000020377      -0.000085211       0.000117282  C
  1     6      -0.000159607       0.000011698       0.000039479  C
  1     6      -0.000151447      -0.000046706      -0.000063331  C
  1     6      -0.000096237       0.000169845      -0.000114679  C
  1     6       0.000037912      -0.000081467       0.000033434  C
  1     6       0.000039236      -0.000027313       0.000017795  C
  1     6       0.000049223      -0.000071978       0.000092117  C
  1     6      -0.000022309      -0.000141911      -0.000194326  C
  1     6      -0.000147439      -0.000061296      -0.000149284  C
  1     6       0.000101968      -0.000065526       0.000039567  C
  1     6      -0.000076192       0.000052530       0.000071799  C
  1     6       0.000046674       0.000094835      -0.000037131  C
  1     6       0.000038069       0.000092949      -0.000052215  C
  1     6       0.000138060       0.000058626      -0.000114212  C
  1     6       0.000007011      -0.000026735      -0.000034934  C
  1     6       0.000165135       0.000132295      -0.000193717  C
  1     6       0.000047935       0.000036553      -0.000088754  C
  1     6      -0.000157395       0.000131903      -0.000129815  C
  1     6       0.000148259       0.000145536      -0.000052013  C
  1     6       0.000074968       0.000246989      -0.000136581  C
  1     6      -0.000036664       0.000216226      -0.000149071  C
  1     6       0.000047410       0.000089873      -0.000034570  C
  1     6      -0.000252292       0.000141489      -0.000190295  C
  1     6       0.000086450       0.000101314       0.000020337  C
  1     6      -0.000106347      -0.000005315       0.000039388  C
  1     6      -0.000049169       0.000170292      -0.000198596  C
  1     6      -0.000075502       0.000062678      -0.000034413  C
  1     6       0.000145705      -0.000027086      -0.000062756  C
  1     6       0.000025624       0.000105475      -0.000081163  C
  1     6       0.000113940       0.000169271      -0.000008737  C
  1     6       0.000088816       0.000118514       0.000028426  C
  1     6       0.000113944       0.000152140       0.000008615  C
  1     6      -0.000023380       0.000205674      -0.000062810  C
  1     6       0.000160157      -0.000020106      -0.000148962  C
  1     6       0.000215823       0.000154343      -0.000007016  C
  1     6       0.000016590       0.000070792      -0.000011429  C
  1     6       0.000146826       0.000075829       0.000117158  C
  1     6       0.000028809       0.000150642       0.000005982  C
  1     6      -0.000217663       0.000175954      -0.000007032  C
  1     6      -0.000163743       0.000145740      -0.000193971  C
  1     6       0.000128293       0.000006007      -0.000198365  C
  1     6      -0.000044068      -0.000075331       0.000047747  C
  1     6       0.000059269      -0.000042146      -0.000109061  C
  1     6       0.000100172       0.000059764       0.000048062  C
  1     6       0.000030449      -0.000223938      -0.000190376  C
  1     6      -0.000061812      -0.000100828      -0.000114392  C
  1     6       0.000029589      -0.000131340       0.000008569  C
  1     6       0.000010218      -0.000003600      -0.000152449  C
  1     6      -0.000061975       0.000125270      -0.000020355  C
  1     6       0.000006192       0.000071422      -0.000152345  C
  1     6      -0.000078081       0.000036239      -0.000081121  C
  1     6       0.000039324       0.000190190       0.000039648  C
  1     6       0.000132236      -0.000141055      -0.000137117  C
  1     6       0.000069215      -0.000060536       0.000005582  C
  1     6       0.000056202       0.000028424       0.000015702  C
  1     6      -0.000048058       0.000085873       0.000015619  C
  1     6      -0.000048335       0.000044758      -0.000011794  C
  1     6      -0.000026868       0.000095978      -0.000088585  C
  1     6      -0.000130519       0.000054521       0.000091952  C
  1     6       0.000001325       0.000137709       0.000039108  C
  1     6      -0.000115724       0.000001407      -0.000109240  C
